0 0.493099 0.654922 0.015186 0.006973
0 0.425467 0.777697 0.025885 0.012611
0 0.373657 0.500000 0.006332 0.010177
0 0.472957 0.652758 0.014237 0.007452
0 0.239209 0.621706 0.016895 0.027480
0 0.472517 0.623334 0.013215 0.008805
0 0.377352 0.112118 0.064143 0.029102
0 0.571293 0.550061 0.015001 0.015254
0 0.467122 0.576853 0.014100 0.013793
0 0.370654 0.668403 0.031289 0.027382
0 0.487284 0.678109 0.022386 0.010127
0 0.771787 0.762474 0.036820 0.037637
0 0.357359 0.609571 0.023990 0.027112
0 0.485885 0.612712 0.015821 0.010371
0 0.514347 0.533193 0.008440 0.010955
0 0.437114 0.496479 0.009016 0.008217
