0 0.493097 0.654953 0.013806 0.006915
0 0.425467 0.777697 0.025885 0.012611
0 0.373706 0.500000 0.006329 0.012437
0 0.472963 0.652783 0.012904 0.007218
0 0.239209 0.621706 0.016895 0.027480
0 0.472575 0.623077 0.012239 0.009124
0 0.346144 0.110015 0.054477 0.028688
0 0.577004 0.562471 0.018357 0.019255
0 0.454869 0.582730 0.016208 0.014855
0 0.405105 0.690021 0.025162 0.017960
0 0.453184 0.673895 0.023347 0.013473
0 0.550689 0.530627 0.012814 0.011366
0 0.317079 0.603706 0.023866 0.031969
0 0.436444 0.592297 0.016961 0.015406
0 0.420083 0.562498 0.012337 0.012625
