0 0.493074 0.655210 0.015241 0.007549
0 0.425468 0.777645 0.028307 0.013259
0 0.373706 0.500000 0.006329 0.012437
0 0.472924 0.652734 0.015769 0.008820
0 0.239376 0.621618 0.015286 0.023152
0 0.472555 0.623370 0.010814 0.007206
0 0.310101 0.111183 0.059140 0.036323
0 0.582141 0.577973 0.017956 0.018179
0 0.437823 0.587014 0.015541 0.014995
0 0.449952 0.706644 0.037004 0.019404
0 0.414072 0.661271 0.025171 0.018844
0 0.268873 0.584350 0.018737 0.029582
0 0.398565 0.543270 0.013575 0.016651
0 0.509196 0.613766 0.015497 0.008623
