0 0.493097 0.654953 0.013806 0.006915
0 0.425467 0.777744 0.023461 0.011963
0 0.373968 0.500000 0.005755 0.011257
0 0.472963 0.652783 0.012904 0.007218
0 0.239527 0.621556 0.017420 0.029484
0 0.472607 0.623091 0.010916 0.007763
0 0.384997 0.112637 0.050149 0.023404
0 0.569484 0.547003 0.013684 0.014514
0 0.470489 0.574462 0.011398 0.010819
0 0.496807 0.678591 0.019171 0.008954
0 0.368334 0.610548 0.020982 0.022365
0 0.501048 0.614351 0.016795 0.011632
0 0.528752 0.545747 0.011153 0.012020
0 0.417292 0.503836 0.010810 0.011517
