0 0.493097 0.654953 0.013806 0.006915
0 0.425407 0.777920 0.028185 0.012711
0 0.373680 0.500000 0.005179 0.011257
0 0.472924 0.652734 0.015769 0.008820
0 0.239463 0.621597 0.017405 0.027698
0 0.472586 0.623026 0.014137 0.008474
0 0.330600 0.111085 0.055773 0.033228
0 0.578982 0.568741 0.019271 0.019609
0 0.448499 0.585424 0.015760 0.015138
0 0.421738 0.698003 0.029731 0.019844
0 0.437629 0.670348 0.032014 0.020544
0 0.299060 0.598195 0.019911 0.027093
0 0.418419 0.576111 0.018590 0.018819
0 0.403673 0.594666 0.016891 0.017002
0 0.594117 0.572344 0.018910 0.020248
