0 0.493123 0.655005 0.011102 0.006799
0 0.425488 0.777738 0.023163 0.010851
0 0.373657 0.500000 0.005180 0.010132
0 0.472924 0.652734 0.015769 0.008820
0 0.239475 0.621572 0.016362 0.027212
0 0.472629 0.623086 0.010667 0.006640
0 0.365724 0.110765 0.054004 0.026260
0 0.573423 0.554486 0.017293 0.018007
0 0.462948 0.579057 0.013302 0.012319
0 0.382495 0.677370 0.023341 0.019492
0 0.474750 0.677304 0.026149 0.013158
0 0.808434 0.712072 0.030227 0.039250
0 0.562867 0.547514 0.015730 0.015876
0 0.507351 0.082627 0.040455 0.008179
0 0.342952 0.608008 0.016053 0.018989
0 0.466637 0.608443 0.014050 0.012275
0 0.452637 0.525968 0.012833 0.012496
