0 0.493110 0.654980 0.012454 0.006857
0 0.425407 0.777920 0.028185 0.012711
0 0.373619 0.500000 0.005182 0.007881
0 0.472963 0.652783 0.012904 0.007218
0 0.239463 0.621597 0.017405 0.027698
0 0.472599 0.623072 0.011990 0.008000
0 0.341933 0.109303 0.048023 0.026988
0 0.578044 0.564413 0.015951 0.016419
0 0.452757 0.583209 0.014691 0.013756
0 0.411762 0.693175 0.027430 0.019133
0 0.446982 0.672417 0.032500 0.016901
0 0.309471 0.601451 0.018608 0.025406
0 0.428872 0.586236 0.012666 0.012149
0 0.412800 0.574546 0.017606 0.018121
