0 0.493097 0.654953 0.013806 0.006915
0 0.425488 0.777817 0.018316 0.009554
0 0.374021 0.500000 0.005752 0.013506
0 0.472924 0.652734 0.015769 0.008820
0 0.239438 0.621563 0.014259 0.024452
0 0.472562 0.623387 0.009738 0.006968
0 0.349974 0.109677 0.050619 0.025838
0 0.576482 0.560965 0.018450 0.018835
0 0.456169 0.582097 0.014792 0.013326
0 0.401743 0.688219 0.033250 0.024738
0 0.456131 0.674917 0.025006 0.014081
0 0.552594 0.533137 0.015940 0.015540
0 0.321079 0.605656 0.026532 0.032971
0 0.440211 0.595479 0.015400 0.014082
0 0.424269 0.556194 0.017562 0.018370
