0 0.493123 0.655005 0.011102 0.006799
0 0.425488 0.777738 0.023163 0.010851
0 0.373657 0.500000 0.005180 0.010132
0 0.472932 0.652762 0.014437 0.008586
0 0.239209 0.621706 0.016895 0.027480
0 0.472555 0.623370 0.010814 0.007206
0 0.334466 0.111009 0.072960 0.040497
0 0.578689 0.567280 0.017088 0.017377
0 0.449951 0.584625 0.016612 0.015930
0 0.418229 0.696493 0.035733 0.024471
0 0.440990 0.670782 0.023501 0.014801
0 0.302061 0.598999 0.025615 0.033551
0 0.421813 0.579555 0.017248 0.017189
0 0.407204 0.588084 0.019019 0.019256
0 0.601610 0.562459 0.017511 0.019588
