0 0.493097 0.654953 0.013806 0.006915
0 0.425488 0.777738 0.023163 0.010851
0 0.373680 0.500000 0.006330 0.011307
0 0.472963 0.652783 0.012904 0.007218
0 0.239417 0.621609 0.016346 0.025425
0 0.472533 0.623375 0.011063 0.008330
0 0.369489 0.110703 0.053937 0.025792
0 0.573215 0.553357 0.017174 0.017597
0 0.464035 0.578242 0.017705 0.015102
0 0.379570 0.675027 0.027250 0.023229
0 0.477925 0.677841 0.021246 0.011042
0 0.801442 0.723165 0.036615 0.044961
0 0.347026 0.609243 0.022241 0.025703
0 0.471318 0.609323 0.020880 0.015253
0 0.457600 0.521801 0.011343 0.009607
