0 0.493132 0.654979 0.012404 0.005707
0 0.425491 0.777691 0.025587 0.011500
0 0.373706 0.500000 0.005178 0.012382
0 0.472963 0.652783 0.012904 0.007218
0 0.239428 0.621586 0.015302 0.024939
0 0.472555 0.623370 0.010814 0.007206
0 0.342252 0.110023 0.044315 0.025045
0 0.577348 0.563867 0.018532 0.019382
0 0.453795 0.583106 0.013329 0.012267
0 0.408416 0.691571 0.029054 0.020271
0 0.449903 0.673390 0.031644 0.018190
0 0.314027 0.603290 0.022154 0.028025
0 0.432653 0.589224 0.017984 0.016725
0 0.416645 0.568797 0.017122 0.017841
