0 0.493097 0.654953 0.013806 0.006915
0 0.425488 0.777738 0.023163 0.010851
0 0.373733 0.500000 0.006328 0.013567
0 0.472860 0.653019 0.015897 0.009391
0 0.239385 0.621598 0.014243 0.022665
0 0.472555 0.623370 0.010814 0.007206
0 0.384616 0.111091 0.043046 0.019795
0 0.570273 0.548369 0.010324 0.010653
0 0.469151 0.575484 0.016602 0.015170
0 0.493619 0.678426 0.022352 0.009381
0 0.749083 0.786499 0.032419 0.029561
0 0.364908 0.609509 0.025155 0.027268
0 0.495883 0.614435 0.011325 0.007284
0 0.523561 0.542131 0.010605 0.011797
0 0.423573 0.500712 0.010436 0.011411
