0 0.493122 0.654952 0.013756 0.005765
0 0.425487 0.777780 0.020740 0.010203
0 0.373925 0.500000 0.005757 0.009006
0 0.472924 0.652734 0.015769 0.008820
0 0.239385 0.621598 0.014243 0.022665
0 0.472517 0.623334 0.013215 0.008805
0 0.322325 0.110464 0.044161 0.025932
0 0.580063 0.572150 0.019616 0.020172
0 0.444943 0.586215 0.015163 0.013981
0 0.432216 0.702168 0.023193 0.013089
0 0.428880 0.667044 0.025251 0.017225
0 0.287214 0.592806 0.022943 0.034091
0 0.409723 0.564546 0.017872 0.018935
0 0.397101 0.616250 0.020673 0.019880
0 0.566549 0.596603 0.018822 0.017685
