0 0.493127 0.654851 0.017880 0.005939
0 0.425404 0.777972 0.025760 0.012062
0 0.373733 0.500000 0.006328 0.013567
0 0.472932 0.652762 0.014437 0.008586
0 0.239475 0.621572 0.016362 0.027212
0 0.472533 0.623375 0.011063 0.008330
0 0.388732 0.112768 0.049735 0.021870
0 0.568541 0.546359 0.013194 0.013785
0 0.471307 0.573928 0.013998 0.014982
0 0.500000 0.677671 0.030338 0.009759
0 0.371529 0.609822 0.026400 0.028005
0 0.506229 0.614275 0.014539 0.009919
0 0.534817 0.549599 0.009805 0.010228
0 0.411398 0.507248 0.010538 0.010827
