0 0.493097 0.654953 0.013806 0.006915
0 0.425491 0.777691 0.025587 0.011500
0 0.373945 0.500000 0.005756 0.010132
0 0.472879 0.653073 0.013226 0.008923
0 0.239209 0.621706 0.016895 0.027480
0 0.472517 0.623334 0.013215 0.008805
0 0.322114 0.110385 0.069241 0.039419
0 0.580937 0.572906 0.013610 0.013858
0 0.443134 0.585728 0.015229 0.014121
0 0.435572 0.703119 0.033796 0.021017
0 0.425743 0.666350 0.023843 0.016933
0 0.283748 0.592007 0.019963 0.031702
0 0.407329 0.560390 0.018642 0.020990
0 0.395958 0.623943 0.017416 0.016179
0 0.555789 0.602427 0.017523 0.014858
