0 0.493132 0.654979 0.012404 0.005707
0 0.425403 0.778061 0.020908 0.010764
0 0.373706 0.500000 0.006329 0.012437
0 0.472963 0.652783 0.012904 0.007218
0 0.239385 0.621598 0.014243 0.022665
0 0.472624 0.623066 0.011741 0.006877
0 0.358006 0.110789 0.064777 0.032004
0 0.574994 0.557656 0.015731 0.016102
0 0.459551 0.580582 0.017716 0.015396
0 0.392058 0.682926 0.029207 0.023026
0 0.465278 0.676193 0.031566 0.017522
0 0.557701 0.539756 0.011000 0.011276
0 0.522531 0.075211 0.056358 0.013250
0 0.332330 0.607029 0.025096 0.029901
0 0.453073 0.602404 0.017933 0.016047
0 0.437281 0.540127 0.013949 0.013757
