0 0.493122 0.654952 0.013756 0.005765
0 0.425467 0.777697 0.025885 0.012611
0 0.373657 0.500000 0.006332 0.010177
0 0.472963 0.652783 0.012904 0.007218
0 0.239120 0.621730 0.014774 0.022929
0 0.472555 0.623370 0.010814 0.007206
0 0.330312 0.110403 0.065193 0.035607
0 0.579133 0.568868 0.019190 0.019883
0 0.447652 0.585129 0.017873 0.015539
0 0.425154 0.699577 0.029168 0.017853
0 0.434865 0.669172 0.023567 0.015454
0 0.294906 0.595907 0.023260 0.033274
0 0.415175 0.572534 0.019275 0.019662
0 0.401957 0.601512 0.019668 0.019439
0 0.585852 0.581487 0.016079 0.016375
