0 0.493099 0.654922 0.015186 0.006973
0 0.425487 0.777780 0.020740 0.010203
0 0.373706 0.500000 0.006329 0.012437
0 0.472941 0.652787 0.013104 0.008352
0 0.239417 0.621609 0.016346 0.025425
0 0.472619 0.623044 0.012815 0.007114
0 0.373312 0.111156 0.061146 0.029152
0 0.571853 0.552373 0.017502 0.017443
0 0.465031 0.578107 0.013049 0.012127
0 0.376586 0.672851 0.027976 0.023633
0 0.480965 0.678104 0.024364 0.012172
0 0.791830 0.736439 0.047711 0.055315
0 0.349619 0.609373 0.021746 0.025095
0 0.475976 0.611336 0.018685 0.013629
