0 0.493074 0.655210 0.015241 0.007549
0 0.425500 0.777580 0.030432 0.012796
0 0.373706 0.500000 0.006329 0.012437
0 0.472957 0.652758 0.014237 0.007452
0 0.239348 0.621607 0.013183 0.020391
0 0.472565 0.623056 0.013313 0.009361
0 0.353998 0.109919 0.046711 0.023025
0 0.575336 0.560022 0.015930 0.016288
0 0.457117 0.581980 0.015239 0.014252
0 0.398547 0.686663 0.021219 0.015800
0 0.459052 0.675576 0.028794 0.017775
0 0.554446 0.534857 0.012890 0.013003
0 0.324699 0.605486 0.021186 0.027401
0 0.444478 0.597741 0.018449 0.017241
0 0.428478 0.551077 0.010048 0.010538
