0 0.493097 0.654953 0.013806 0.006915
0 0.425407 0.777920 0.028185 0.012711
0 0.373968 0.500000 0.005755 0.011257
0 0.472860 0.653019 0.015897 0.009391
0 0.239151 0.621742 0.016878 0.025691
0 0.472544 0.623328 0.012966 0.007682
0 0.381071 0.111647 0.046452 0.021182
0 0.570660 0.549686 0.018659 0.018082
0 0.468130 0.576073 0.016116 0.016348
0 0.490470 0.678705 0.017528 0.007795
0 0.760631 0.774633 0.035926 0.034590
0 0.361507 0.610298 0.026741 0.029260
0 0.490823 0.613567 0.012624 0.010112
0 0.518678 0.537844 0.009303 0.010835
0 0.430760 0.498686 0.012234 0.010526
