0 0.493147 0.654950 0.013706 0.004615
0 0.425488 0.777738 0.023163 0.010851
0 0.373680 0.500000 0.006330 0.011307
0 0.472924 0.652734 0.015769 0.008820
0 0.239385 0.621598 0.014243 0.022665
0 0.472574 0.623345 0.011641 0.006320
0 0.361680 0.110057 0.053981 0.026224
0 0.574298 0.557116 0.015206 0.015662
0 0.460925 0.579693 0.014461 0.013353
0 0.388917 0.680938 0.032265 0.025277
0 0.468456 0.676959 0.025085 0.014844
0 0.824281 0.683584 0.025734 0.037663
0 0.559909 0.542290 0.022215 0.021123
0 0.518628 0.078481 0.055930 0.012749
0 0.335340 0.607152 0.026892 0.033264
0 0.457432 0.604852 0.016044 0.013173
0 0.442236 0.535614 0.014548 0.014256
