0 0.493097 0.654953 0.013806 0.006915
0 0.425468 0.777645 0.028307 0.013259
0 0.373945 0.500000 0.004605 0.010086
0 0.472950 0.652809 0.011771 0.008118
0 0.239475 0.621572 0.016362 0.027212
0 0.472614 0.623109 0.009842 0.007526
0 0.373529 0.111503 0.053579 0.024743
0 0.571536 0.551132 0.013250 0.013740
0 0.466093 0.577286 0.016709 0.014523
0 0.373396 0.670908 0.030364 0.026439
0 0.484043 0.678293 0.027345 0.012046
0 0.782016 0.749550 0.036961 0.040190
0 0.354165 0.610051 0.026940 0.030755
0 0.481026 0.612091 0.013169 0.010476
