0 0.493097 0.654953 0.013806 0.006915
0 0.425507 0.777517 0.032853 0.013444
0 0.373706 0.500000 0.006329 0.012437
0 0.472963 0.652783 0.012904 0.007218
0 0.239428 0.621586 0.015302 0.024939
0 0.472517 0.623334 0.013215 0.008805
0 0.362064 0.111140 0.053839 0.026174
0 0.574090 0.555935 0.014646 0.015223
0 0.461803 0.579771 0.012268 0.011064
0 0.385823 0.678884 0.035242 0.027629
0 0.471532 0.677422 0.026512 0.014712
0 0.816833 0.698116 0.031521 0.043309
0 0.561357 0.544724 0.015045 0.014967
0 0.511105 0.080816 0.055588 0.011207
0 0.339405 0.608447 0.020396 0.023688
0 0.461897 0.606555 0.019841 0.016972
0 0.447089 0.530734 0.012222 0.011974
