0 0.493147 0.654950 0.013706 0.004615
0 0.425403 0.778061 0.020908 0.010764
0 0.373680 0.500000 0.005179 0.011257
0 0.472951 0.652729 0.015570 0.007686
0 0.239209 0.621706 0.016895 0.027480
0 0.472533 0.623375 0.011063 0.008330
0 0.338145 0.109736 0.051026 0.027737
0 0.578364 0.565827 0.016082 0.016526
0 0.451410 0.583754 0.018319 0.016545
0 0.414821 0.695414 0.029039 0.019039
0 0.443871 0.672057 0.023702 0.015037
0 0.306309 0.601109 0.024930 0.031468
0 0.424926 0.583322 0.018199 0.017922
0 0.409893 0.581172 0.017020 0.017556
0 0.607608 0.552716 0.016170 0.018622
