0 0.493122 0.654952 0.013756 0.005765
0 0.425491 0.777691 0.025587 0.011500
0 0.373945 0.500000 0.005756 0.010132
0 0.472924 0.652734 0.015769 0.008820
0 0.239417 0.621609 0.016346 0.025425
0 0.472599 0.623072 0.011990 0.008000
0 0.318241 0.110903 0.069241 0.040023
0 0.580956 0.574231 0.019035 0.019365
0 0.441950 0.585932 0.013606 0.012296
0 0.439377 0.704128 0.023351 0.012955
0 0.422855 0.665038 0.023819 0.017224
0 0.280305 0.589396 0.032777 0.046980
0 0.404741 0.556434 0.021168 0.022775
0 0.395006 0.631829 0.026624 0.024976
0 0.544589 0.607090 0.018259 0.014160
