0 0.493122 0.654952 0.013756 0.005765
0 0.425442 0.777704 0.026182 0.013723
0 0.373945 0.500000 0.006907 0.010177
0 0.472941 0.652787 0.013104 0.008352
0 0.239395 0.621577 0.013200 0.022179
0 0.472517 0.623334 0.013215 0.008805
0 0.314204 0.111085 0.059560 0.036823
0 0.581132 0.575672 0.012069 0.012177
0 0.440553 0.586372 0.013706 0.012421
0 0.442948 0.705190 0.021553 0.012119
0 0.420071 0.663404 0.025936 0.019737
0 0.276841 0.588260 0.024746 0.041056
0 0.402614 0.551943 0.014055 0.014786
0 0.394440 0.639953 0.023512 0.020694
0 0.533059 0.610878 0.015841 0.011733
