0 0.493132 0.654979 0.012404 0.005707
0 0.425380 0.777927 0.028483 0.013822
0 0.373706 0.500000 0.005178 0.012382
0 0.472963 0.652783 0.012904 0.007218
0 0.239162 0.621719 0.015835 0.025205
0 0.472575 0.623077 0.012239 0.009124
0 0.310318 0.111595 0.055681 0.034638
0 0.581963 0.576466 0.018467 0.018805
0 0.438734 0.587241 0.020384 0.018588
0 0.446447 0.706389 0.023501 0.012833
0 0.417122 0.662242 0.025685 0.019533
0 0.272798 0.585256 0.022303 0.037369
0 0.400602 0.547693 0.016673 0.020691
0 0.393326 0.646574 0.031061 0.026952
0 0.521300 0.613068 0.017689 0.013099
