0 0.493099 0.654922 0.015186 0.006973
0 0.425491 0.777691 0.025587 0.011500
0 0.373993 0.500000 0.004603 0.012326
0 0.472870 0.653047 0.014561 0.009157
0 0.239110 0.621750 0.015817 0.023415
0 0.472500 0.623361 0.012388 0.009691
0 0.326215 0.110231 0.055283 0.032192
0 0.579630 0.570507 0.017141 0.017578
0 0.446235 0.585726 0.017746 0.016733
0 0.428647 0.700499 0.033613 0.021375
0 0.431689 0.668164 0.030959 0.021864
0 0.291579 0.595136 0.017280 0.025177
0 0.412408 0.568533 0.016794 0.017883
0 0.399768 0.609342 0.020906 0.020312
0 0.576550 0.589531 0.021173 0.020091
