0 0.493097 0.654953 0.013806 0.006915
0 0.425404 0.777972 0.025760 0.012062
0 0.373968 0.500000 0.005755 0.011257
0 0.472924 0.652734 0.015769 0.008820
0 0.239120 0.621730 0.014774 0.022929
0 0.472614 0.623109 0.009842 0.007526
0 0.306228 0.111931 0.069071 0.041386
0 0.581868 0.579072 0.015853 0.015983
0 0.436362 0.587378 0.019366 0.018240
0 0.453636 0.708031 0.027307 0.014060
0 0.411391 0.659547 0.023959 0.018855
0 0.265510 0.581044 0.021228 0.038013
0 0.397135 0.538750 0.014652 0.019389
0 0.496889 0.613636 0.019741 0.010824
