0 0.493074 0.655210 0.015241 0.007549
0 0.425407 0.777920 0.028185 0.012711
0 0.373925 0.500000 0.004605 0.008966
0 0.472924 0.652734 0.015769 0.008820
0 0.239348 0.621607 0.013183 0.020391
0 0.472549 0.623350 0.011890 0.007444
0 0.354179 0.110371 0.043251 0.021733
0 0.575375 0.558983 0.014948 0.015518
0 0.458130 0.581525 0.019436 0.017474
0 0.395137 0.685109 0.023640 0.018481
0 0.462317 0.675819 0.023769 0.015255
0 0.556710 0.537607 0.009032 0.008756
0 0.530304 0.073480 0.060607 0.017928
0 0.328092 0.605527 0.023047 0.029121
0 0.448764 0.600003 0.020050 0.017795
0 0.433132 0.545297 0.016035 0.016851
