0 0.430556 0.460829 0.012500 0.012673
0 0.527778 0.322581 0.015278 0.012673
0 0.527778 0.311060 0.011111 0.010369
0 0.513889 0.357143 0.015278 0.013825
0 0.625000 0.380184 0.013889 0.014977
0 0.409722 0.322581 0.013889 0.012673
0 0.841667 0.562212 0.020833 0.021889
0 0.630556 0.167051 0.026389 0.021889
0 0.486111 0.248848 0.018056 0.019585
0 0.490278 0.177419 0.022222 0.023041
0 0.519444 0.180876 0.020833 0.020737
0 0.643056 0.190092 0.022222 0.018433
0 0.555556 0.413594 0.018056 0.019585
0 0.754167 0.384793 0.022222 0.020737
0 0.661111 0.155530 0.023611 0.020737
0 0.340278 0.488479 0.020833 0.019585
