0 0.430556 0.460829 0.013889 0.013825
0 0.527778 0.322581 0.012500 0.010369
0 0.527778 0.311060 0.016667 0.011521
0 0.513889 0.357143 0.013889 0.010369
0 0.625000 0.380184 0.011111 0.012673
0 0.409722 0.322581 0.012500 0.010369
0 0.850000 0.584101 0.018056 0.019585
0 0.627778 0.190092 0.025000 0.019585
0 0.501389 0.268433 0.022222 0.018433
0 0.487500 0.154378 0.022222 0.016129
0 0.588889 0.190092 0.023611 0.020737
0 0.631944 0.246544 0.022222 0.021889
0 0.487500 0.421659 0.022222 0.020737
0 0.494444 0.146313 0.022222 0.020737
