0 0.430556 0.460829 0.013889 0.009217
0 0.527778 0.322581 0.013889 0.012673
0 0.527778 0.311060 0.016667 0.011521
0 0.513889 0.357143 0.013889 0.012673
0 0.625000 0.380184 0.012500 0.012673
0 0.409722 0.322581 0.013889 0.013825
0 0.362500 0.114055 0.023611 0.025346
0 0.834722 0.539171 0.019444 0.016129
0 0.472222 0.230415 0.020833 0.016129
0 0.491667 0.200461 0.015278 0.016129
0 0.451389 0.170507 0.020833 0.020737
0 0.654167 0.132488 0.026389 0.021889
0 0.625000 0.405530 0.020833 0.023041
0 0.686111 0.372120 0.020833 0.018433
0 0.531944 0.118664 0.018056 0.019585
0 0.827778 0.164747 0.020833 0.018433
0 0.493056 0.435484 0.019444 0.018433
