0 0.430556 0.460829 0.015278 0.012673
0 0.527778 0.322581 0.011111 0.011521
0 0.527778 0.311060 0.012500 0.010369
0 0.513889 0.357143 0.012500 0.012673
0 0.625000 0.380184 0.015278 0.011521
0 0.409722 0.322581 0.015278 0.009217
0 0.356944 0.110599 0.015278 0.017281
0 0.836111 0.546083 0.022222 0.025346
0 0.631944 0.150922 0.019444 0.018433
0 0.476389 0.236175 0.023611 0.021889
0 0.491667 0.193548 0.020833 0.024194
0 0.472222 0.173963 0.020833 0.019585
0 0.650000 0.149770 0.025000 0.020737
0 0.350000 0.152074 0.020833 0.019585
0 0.604167 0.407834 0.026389 0.021889
0 0.706944 0.375576 0.020833 0.023041
0 0.486111 0.101382 0.023611 0.020737
0 0.777778 0.161290 0.026389 0.021889
0 0.447222 0.451613 0.020833 0.020737
