0 0.430556 0.460829 0.012500 0.010369
0 0.527778 0.322581 0.012500 0.010369
0 0.527778 0.311060 0.015278 0.011521
0 0.513889 0.357143 0.015278 0.011521
0 0.625000 0.380184 0.012500 0.012673
0 0.409722 0.322581 0.016667 0.011521
0 0.856944 0.603687 0.019444 0.017281
0 0.625000 0.210829 0.025000 0.021889
0 0.513889 0.286866 0.025000 0.023041
0 0.486111 0.133641 0.019444 0.018433
0 0.650000 0.199309 0.022222 0.026498
0 0.623611 0.298387 0.022222 0.025346
0 0.425000 0.428571 0.016667 0.020737
0 0.530556 0.160138 0.022222 0.018433
