0 0.430556 0.460829 0.015278 0.011521
0 0.527778 0.322581 0.012500 0.009217
0 0.527778 0.311060 0.013889 0.012673
0 0.513889 0.357143 0.013889 0.012673
0 0.625000 0.380184 0.013889 0.009217
0 0.409722 0.322581 0.015278 0.009217
0 0.350000 0.105991 0.022222 0.017281
0 0.838889 0.552995 0.020833 0.016129
0 0.631944 0.157834 0.019444 0.018433
0 0.480556 0.241935 0.022222 0.023041
0 0.490278 0.186636 0.020833 0.020737
0 0.493056 0.176267 0.019444 0.017281
0 0.647222 0.167051 0.022222 0.021889
0 0.331944 0.142857 0.015278 0.012673
0 0.583333 0.410138 0.018056 0.011521
0 0.726389 0.380184 0.018056 0.018433
0 0.727778 0.158986 0.018056 0.020737
0 0.401389 0.467742 0.020833 0.017281
