0 0.430556 0.460829 0.015278 0.013825
0 0.527778 0.322581 0.012500 0.009217
0 0.527778 0.311060 0.013889 0.012673
0 0.513889 0.357143 0.013889 0.011521
0 0.625000 0.380184 0.015278 0.013825
0 0.409722 0.322581 0.015278 0.011521
0 0.854167 0.594470 0.018056 0.013825
0 0.626389 0.201613 0.023611 0.023041
0 0.508333 0.278802 0.022222 0.014977
0 0.486111 0.142857 0.020833 0.018433
0 0.622222 0.194700 0.020833 0.020737
0 0.627778 0.275346 0.020833 0.017281
0 0.452778 0.425115 0.020833 0.020737
0 0.550000 0.107143 0.020833 0.018433
