0 0.430556 0.460829 0.015278 0.012673
0 0.527778 0.322581 0.011111 0.009217
0 0.527778 0.311060 0.013889 0.012673
0 0.513889 0.357143 0.012500 0.009217
0 0.625000 0.380184 0.013889 0.010369
0 0.409722 0.322581 0.012500 0.010369
0 0.848611 0.579493 0.019444 0.017281
0 0.627778 0.185484 0.027778 0.027650
0 0.498611 0.264977 0.020833 0.019585
0 0.487500 0.158986 0.019444 0.018433
0 0.575000 0.187788 0.026389 0.020737
0 0.634722 0.235023 0.019444 0.017281
0 0.501389 0.419355 0.026389 0.021889
0 0.527778 0.147465 0.025000 0.021889
