0 0.430556 0.460829 0.015278 0.012673
0 0.527778 0.322581 0.015278 0.011521
0 0.527778 0.311060 0.012500 0.012673
0 0.513889 0.357143 0.015278 0.011521
0 0.625000 0.380184 0.012500 0.012673
0 0.409722 0.322581 0.013889 0.012673
0 0.855556 0.599078 0.019444 0.018433
0 0.626389 0.206221 0.020833 0.020737
0 0.511111 0.282258 0.018056 0.018433
0 0.486111 0.138249 0.020833 0.020737
0 0.636111 0.197005 0.020833 0.020737
0 0.625000 0.286866 0.019444 0.016129
0 0.438889 0.426267 0.026389 0.020737
0 0.540278 0.133641 0.020833 0.017281
