0 0.430556 0.460829 0.011111 0.010369
0 0.527778 0.322581 0.013889 0.011521
0 0.527778 0.311060 0.013889 0.012673
0 0.513889 0.357143 0.013889 0.011521
0 0.625000 0.380184 0.012500 0.010369
0 0.409722 0.322581 0.013889 0.010369
0 0.843056 0.565668 0.013889 0.014977
0 0.630556 0.171659 0.023611 0.020737
0 0.488889 0.253456 0.019444 0.019585
0 0.488889 0.172811 0.026389 0.020737
0 0.533333 0.182028 0.020833 0.018433
0 0.641667 0.201613 0.018056 0.019585
0 0.541667 0.414747 0.020833 0.018433
0 0.768056 0.388249 0.018056 0.019585
0 0.627778 0.153226 0.023611 0.019585
