0 0.430556 0.460829 0.012500 0.011521
0 0.527778 0.322581 0.015278 0.011521
0 0.527778 0.311060 0.012500 0.010369
0 0.513889 0.357143 0.013889 0.010369
0 0.625000 0.380184 0.015278 0.011521
0 0.409722 0.322581 0.012500 0.009217
0 0.847222 0.574885 0.020833 0.017281
0 0.629167 0.180876 0.022222 0.021889
0 0.495833 0.261521 0.019444 0.016129
0 0.488889 0.163594 0.022222 0.023041
0 0.561111 0.186636 0.020833 0.018433
0 0.637500 0.224654 0.020833 0.020737
0 0.513889 0.418203 0.023611 0.021889
0 0.561111 0.149770 0.016667 0.014977
