0 0.430556 0.460829 0.012500 0.010369
0 0.527778 0.322581 0.013889 0.009217
0 0.527778 0.311060 0.015278 0.010369
0 0.513889 0.357143 0.013889 0.011521
0 0.625000 0.380184 0.012500 0.010369
0 0.409722 0.322581 0.016667 0.012673
0 0.843056 0.563364 0.026389 0.024194
0 0.630556 0.169355 0.020833 0.019585
0 0.487500 0.251152 0.023611 0.021889
0 0.488889 0.175115 0.016667 0.012673
0 0.526389 0.180876 0.020833 0.023041
0 0.641667 0.195853 0.026389 0.023041
0 0.548611 0.414747 0.018056 0.017281
0 0.761111 0.385945 0.020833 0.016129
0 0.644444 0.154378 0.019444 0.016129
