0 0.430556 0.460829 0.012500 0.012673
0 0.527778 0.322581 0.013889 0.010369
0 0.527778 0.311060 0.015278 0.013825
0 0.513889 0.357143 0.012500 0.013825
0 0.625000 0.380184 0.015278 0.012673
0 0.409722 0.322581 0.015278 0.013825
0 0.856944 0.605991 0.023611 0.023041
0 0.625000 0.213134 0.019444 0.017281
0 0.515278 0.288018 0.015278 0.013825
0 0.486111 0.131336 0.019444 0.018433
0 0.656944 0.200461 0.020833 0.016129
0 0.622222 0.304147 0.018056 0.018433
0 0.418056 0.428571 0.026389 0.020737
0 0.526389 0.173963 0.013889 0.016129
