0 0.430556 0.460829 0.013889 0.010369
0 0.527778 0.322581 0.012500 0.010369
0 0.527778 0.311060 0.013889 0.009217
0 0.513889 0.357143 0.013889 0.010369
0 0.625000 0.380184 0.013889 0.011521
0 0.409722 0.322581 0.012500 0.012673
0 0.855556 0.601382 0.018056 0.019585
0 0.625000 0.208525 0.020833 0.023041
0 0.512500 0.284562 0.020833 0.018433
0 0.486111 0.135945 0.026389 0.020737
0 0.643056 0.198157 0.020833 0.018433
0 0.623611 0.292627 0.020833 0.016129
0 0.431944 0.427419 0.026389 0.020737
0 0.536111 0.147465 0.023611 0.021889
