0 0.430556 0.460829 0.013889 0.011521
0 0.527778 0.322581 0.013889 0.011521
0 0.527778 0.311060 0.012500 0.010369
0 0.513889 0.357143 0.012500 0.011521
0 0.625000 0.380184 0.013889 0.011521
0 0.409722 0.322581 0.015278 0.011521
0 0.854167 0.596774 0.023611 0.019585
0 0.626389 0.203917 0.015278 0.014977
0 0.509722 0.281106 0.020833 0.019585
0 0.486111 0.140553 0.020833 0.018433
0 0.629167 0.195853 0.026389 0.021889
0 0.626389 0.281106 0.020833 0.021889
0 0.445833 0.426267 0.020833 0.020737
0 0.545833 0.120968 0.022222 0.025346
