0 0.430556 0.460829 0.012500 0.011521
0 0.527778 0.322581 0.012500 0.011521
0 0.527778 0.311060 0.015278 0.012673
0 0.513889 0.357143 0.012500 0.009217
0 0.625000 0.380184 0.012500 0.010369
0 0.409722 0.322581 0.012500 0.009217
0 0.352778 0.107143 0.019444 0.020737
0 0.837500 0.550691 0.020833 0.025346
0 0.631944 0.155530 0.020833 0.020737
0 0.479167 0.239631 0.022222 0.021889
0 0.490278 0.188940 0.020833 0.020737
0 0.486111 0.175115 0.020833 0.019585
0 0.648611 0.161290 0.016667 0.020737
0 0.337500 0.145161 0.026389 0.020737
0 0.590278 0.410138 0.022222 0.020737
0 0.719444 0.379032 0.020833 0.017281
0 0.744444 0.160138 0.022222 0.017281
0 0.416667 0.461982 0.019444 0.017281
