0 0.430556 0.460829 0.013889 0.010369
0 0.527778 0.322581 0.013889 0.010369
0 0.527778 0.311060 0.012500 0.010369
0 0.513889 0.357143 0.015278 0.012673
0 0.625000 0.380184 0.013889 0.011521
0 0.409722 0.322581 0.015278 0.012673
0 0.365278 0.116359 0.020833 0.017281
0 0.833333 0.536866 0.019444 0.018433
0 0.491667 0.202765 0.023611 0.019585
0 0.444444 0.169355 0.023611 0.021889
0 0.655556 0.127880 0.020833 0.016129
0 0.631944 0.405530 0.022222 0.021889
0 0.679167 0.370968 0.019444 0.020737
0 0.547222 0.125576 0.020833 0.017281
0 0.844444 0.165899 0.023611 0.023041
0 0.508333 0.429724 0.026389 0.020737
