0 0.430556 0.460829 0.013889 0.011521
0 0.527778 0.322581 0.011111 0.011521
0 0.527778 0.311060 0.013889 0.011521
0 0.513889 0.357143 0.012500 0.009217
0 0.625000 0.380184 0.012500 0.010369
0 0.409722 0.322581 0.013889 0.010369
0 0.358333 0.111751 0.020833 0.017281
0 0.836111 0.543779 0.020833 0.023041
0 0.633333 0.149770 0.015278 0.014977
0 0.475000 0.233871 0.019444 0.019585
0 0.491667 0.195853 0.027778 0.025346
0 0.465278 0.172811 0.016667 0.018433
0 0.651389 0.144009 0.022222 0.019585
0 0.611111 0.407834 0.020833 0.018433
0 0.700000 0.374424 0.019444 0.014977
0 0.501389 0.107143 0.015278 0.013825
0 0.794444 0.162442 0.020833 0.024194
0 0.462500 0.445853 0.020833 0.020737
