0 0.430556 0.460829 0.013889 0.011521
0 0.527778 0.322581 0.013889 0.009217
0 0.527778 0.311060 0.011111 0.010369
0 0.513889 0.357143 0.013889 0.010369
0 0.625000 0.380184 0.012500 0.009217
0 0.409722 0.322581 0.013889 0.011521
0 0.847222 0.577189 0.020833 0.018433
0 0.629167 0.183180 0.020833 0.018433
0 0.497222 0.262673 0.020833 0.017281
0 0.488889 0.161290 0.015278 0.016129
0 0.568056 0.187788 0.015278 0.014977
0 0.636111 0.229263 0.026389 0.021889
0 0.506944 0.419355 0.020833 0.017281
0 0.544444 0.148618 0.022222 0.020737
