0 0.430556 0.460829 0.013889 0.010369
0 0.527778 0.322581 0.012500 0.012673
0 0.527778 0.311060 0.012500 0.009217
0 0.513889 0.357143 0.013889 0.009217
0 0.625000 0.380184 0.015278 0.012673
0 0.409722 0.322581 0.013889 0.011521
0 0.850000 0.586406 0.023611 0.020737
0 0.627778 0.192396 0.022222 0.019585
0 0.502778 0.270737 0.026389 0.024194
0 0.487500 0.152074 0.020833 0.017281
0 0.595833 0.191244 0.020833 0.017281
0 0.631944 0.252304 0.022222 0.021889
0 0.480556 0.421659 0.020833 0.020737
0 0.477778 0.145161 0.023611 0.019585
