0 0.430556 0.460829 0.013889 0.011521
0 0.527778 0.322581 0.011111 0.012673
0 0.527778 0.311060 0.012500 0.011521
0 0.513889 0.357143 0.013889 0.010369
0 0.625000 0.380184 0.013889 0.012673
0 0.409722 0.322581 0.015278 0.011521
0 0.348611 0.103687 0.015278 0.013825
0 0.840278 0.555300 0.022222 0.017281
0 0.631944 0.160138 0.022222 0.024194
0 0.481944 0.243088 0.016667 0.019585
0 0.490278 0.184332 0.019444 0.020737
0 0.500000 0.177419 0.022222 0.021889
0 0.645833 0.172811 0.020833 0.020737
0 0.325000 0.139401 0.016667 0.018433
0 0.576389 0.411290 0.022222 0.025346
0 0.733333 0.381336 0.019444 0.018433
0 0.711111 0.157834 0.022222 0.026498
0 0.386111 0.472350 0.020833 0.017281
