0 0.430556 0.460829 0.015278 0.012673
0 0.527778 0.322581 0.015278 0.010369
0 0.527778 0.311060 0.015278 0.011521
0 0.513889 0.357143 0.012500 0.011521
0 0.625000 0.380184 0.013889 0.010369
0 0.409722 0.322581 0.013889 0.012673
0 0.844444 0.567972 0.019444 0.017281
0 0.629167 0.173963 0.018056 0.016129
0 0.490278 0.255760 0.031944 0.031106
0 0.488889 0.170507 0.022222 0.020737
0 0.540278 0.183180 0.019444 0.020737
0 0.640278 0.207373 0.023611 0.024194
0 0.534722 0.415899 0.026389 0.021889
0 0.773611 0.389401 0.020833 0.017281
0 0.611111 0.152074 0.020833 0.018433
