0 0.430556 0.460829 0.013889 0.012673
0 0.527778 0.322581 0.015278 0.012673
0 0.527778 0.311060 0.013889 0.013825
0 0.513889 0.357143 0.013889 0.010369
0 0.625000 0.380184 0.015278 0.011521
0 0.409722 0.322581 0.015278 0.009217
0 0.851389 0.588710 0.016667 0.013825
0 0.627778 0.194700 0.020833 0.020737
0 0.504167 0.273041 0.023611 0.023041
0 0.487500 0.149770 0.016667 0.014977
0 0.602778 0.192396 0.025000 0.024194
0 0.630556 0.258065 0.023611 0.013825
0 0.473611 0.422811 0.020833 0.018433
0 0.461111 0.144009 0.020833 0.018433
