0 0.430556 0.460829 0.009722 0.010369
0 0.527778 0.322581 0.012500 0.009217
0 0.527778 0.311060 0.016667 0.012673
0 0.513889 0.357143 0.015278 0.011521
0 0.625000 0.380184 0.013889 0.009217
0 0.409722 0.322581 0.013889 0.012673
0 0.354167 0.108295 0.020833 0.020737
0 0.837500 0.548387 0.025000 0.023041
0 0.631944 0.153226 0.026389 0.020737
0 0.477778 0.237327 0.025000 0.020737
0 0.490278 0.191244 0.016667 0.019585
0 0.479167 0.173963 0.019444 0.017281
0 0.650000 0.155530 0.019444 0.017281
0 0.343056 0.148618 0.022222 0.019585
0 0.597222 0.408986 0.023611 0.021889
0 0.713889 0.376728 0.025000 0.020737
0 0.761111 0.160138 0.020833 0.020737
0 0.431944 0.457373 0.020833 0.020737
