0 0.430556 0.460829 0.012500 0.012673
0 0.527778 0.322581 0.016667 0.012673
0 0.527778 0.311060 0.015278 0.012673
0 0.513889 0.357143 0.013889 0.012673
0 0.625000 0.380184 0.013889 0.011521
0 0.409722 0.322581 0.015278 0.012673
0 0.840278 0.557604 0.019444 0.016129
0 0.630556 0.162442 0.025000 0.023041
0 0.483333 0.245392 0.018056 0.020737
0 0.490278 0.182028 0.022222 0.018433
0 0.506944 0.178571 0.025000 0.023041
0 0.645833 0.178571 0.020833 0.018433
0 0.569444 0.412442 0.023611 0.023041
0 0.740278 0.382488 0.022222 0.020737
0 0.694444 0.156682 0.026389 0.021889
0 0.370833 0.478111 0.020833 0.019585
