0 0.430556 0.460829 0.015278 0.009217
0 0.527778 0.322581 0.013889 0.011521
0 0.527778 0.311060 0.013889 0.012673
0 0.513889 0.357143 0.013889 0.012673
0 0.625000 0.380184 0.013889 0.011521
0 0.409722 0.322581 0.011111 0.010369
0 0.852778 0.592166 0.022222 0.020737
0 0.626389 0.199309 0.020833 0.019585
0 0.506944 0.276498 0.019444 0.018433
0 0.487500 0.145161 0.022222 0.019585
0 0.615278 0.194700 0.022222 0.020737
0 0.627778 0.269585 0.015278 0.017281
0 0.459722 0.423963 0.020833 0.020737
0 0.555556 0.094470 0.022222 0.024194
