0 0.430556 0.460829 0.011111 0.010369
0 0.527778 0.322581 0.012500 0.010369
0 0.527778 0.311060 0.015278 0.011521
0 0.513889 0.357143 0.015278 0.012673
0 0.625000 0.380184 0.012500 0.011521
0 0.409722 0.322581 0.015278 0.011521
0 0.844444 0.570276 0.022222 0.020737
0 0.629167 0.176267 0.019444 0.017281
0 0.491667 0.256912 0.019444 0.018433
0 0.488889 0.168203 0.022222 0.018433
0 0.547222 0.184332 0.025000 0.024194
0 0.638889 0.213134 0.022222 0.021889
0 0.527778 0.417051 0.022222 0.023041
0 0.780556 0.390553 0.018056 0.016129
0 0.594444 0.150922 0.020833 0.017281
