0 0.430556 0.460829 0.011111 0.011521
0 0.527778 0.322581 0.012500 0.009217
0 0.527778 0.311060 0.012500 0.013825
0 0.513889 0.357143 0.013889 0.011521
0 0.625000 0.380184 0.011111 0.009217
0 0.409722 0.322581 0.013889 0.012673
0 0.845833 0.572581 0.023611 0.021889
0 0.629167 0.178571 0.020833 0.021889
0 0.493056 0.259217 0.020833 0.019585
0 0.488889 0.165899 0.016667 0.012673
0 0.554167 0.185484 0.018056 0.020737
0 0.637500 0.218894 0.019444 0.018433
0 0.520833 0.417051 0.019444 0.017281
0 0.787500 0.391705 0.026389 0.021889
0 0.577778 0.150922 0.020833 0.020737
