0 0.430556 0.460829 0.015278 0.012673
0 0.527778 0.322581 0.012500 0.009217
0 0.527778 0.311060 0.013889 0.014977
0 0.513889 0.357143 0.013889 0.013825
0 0.625000 0.380184 0.012500 0.008065
0 0.409722 0.322581 0.013889 0.012673
0 0.361111 0.112903 0.023611 0.020737
0 0.834722 0.541475 0.020833 0.018433
0 0.473611 0.231567 0.020833 0.020737
0 0.491667 0.198157 0.022222 0.020737
0 0.458333 0.171659 0.026389 0.021889
0 0.652778 0.138249 0.022222 0.018433
0 0.618056 0.406682 0.020833 0.020737
0 0.693056 0.373272 0.020833 0.017281
0 0.516667 0.112903 0.025000 0.021889
0 0.811111 0.163594 0.020833 0.017281
0 0.477778 0.441244 0.022222 0.019585
