0 0.430556 0.460829 0.015278 0.013825
0 0.527778 0.322581 0.015278 0.011521
0 0.527778 0.311060 0.012500 0.010369
0 0.513889 0.357143 0.013889 0.011521
0 0.625000 0.380184 0.013889 0.009217
0 0.409722 0.322581 0.015278 0.010369
0 0.841667 0.559908 0.022222 0.018433
0 0.630556 0.164747 0.015278 0.013825
0 0.484722 0.247696 0.026389 0.020737
0 0.490278 0.179724 0.022222 0.024194
0 0.513889 0.179724 0.020833 0.021889
0 0.644444 0.184332 0.015278 0.013825
0 0.562500 0.412442 0.020833 0.020737
0 0.747222 0.383641 0.022222 0.018433
0 0.677778 0.155530 0.016667 0.014977
0 0.355556 0.483871 0.018056 0.018433
