0 0.430556 0.460829 0.013889 0.011521
0 0.527778 0.322581 0.012500 0.010369
0 0.527778 0.311060 0.016667 0.012673
0 0.513889 0.357143 0.013889 0.009217
0 0.625000 0.380184 0.015278 0.009217
0 0.409722 0.322581 0.013889 0.012673
0 0.848611 0.581797 0.025000 0.020737
0 0.627778 0.187788 0.023611 0.020737
0 0.500000 0.267281 0.020833 0.021889
0 0.487500 0.156682 0.020833 0.021889
0 0.581944 0.188940 0.022222 0.027650
0 0.633333 0.240783 0.022222 0.021889
0 0.494444 0.420507 0.019444 0.017281
0 0.511111 0.146313 0.020833 0.017281
