0 0.437500 0.322581 0.015278 0.010369
0 0.729167 0.322581 0.016667 0.010369
0 0.680556 0.368664 0.012500 0.013825
0 0.451389 0.311060 0.013889 0.010369
0 0.569444 0.345622 0.016667 0.010369
0 0.430556 0.357143 0.012500 0.011521
0 0.748611 0.094470 0.023611 0.021889
0 0.766667 0.100230 0.020833 0.018433
0 0.501389 0.258065 0.023611 0.020737
0 0.600000 0.506912 0.020833 0.016129
0 0.365278 0.168203 0.022222 0.020737
0 0.737500 0.120968 0.019444 0.017281
0 0.613889 0.478111 0.026389 0.020737
0 0.645833 0.418203 0.020833 0.018433
0 0.444444 0.091014 0.023611 0.023041
0 0.748611 0.208525 0.022222 0.026498
