0 0.437500 0.322581 0.015278 0.013825
0 0.729167 0.322581 0.013889 0.010369
0 0.680556 0.368664 0.015278 0.011521
0 0.451389 0.311060 0.013889 0.008065
0 0.569444 0.345622 0.013889 0.010369
0 0.430556 0.357143 0.012500 0.010369
0 0.737500 0.096774 0.020833 0.016129
0 0.773611 0.107143 0.020833 0.017281
0 0.405556 0.141705 0.020833 0.020737
0 0.509722 0.263825 0.023611 0.018433
0 0.608333 0.512673 0.027778 0.032258
0 0.747222 0.100230 0.019444 0.020737
0 0.616667 0.501152 0.022222 0.018433
0 0.661111 0.437788 0.020833 0.017281
0 0.515278 0.099078 0.023611 0.019585
0 0.511111 0.086406 0.020833 0.020737
0 0.711111 0.253456 0.020833 0.017281
