0 0.437500 0.322581 0.016667 0.010369
0 0.729167 0.322581 0.012500 0.010369
0 0.680556 0.368664 0.013889 0.009217
0 0.451389 0.311060 0.015278 0.012673
0 0.569444 0.345622 0.015278 0.010369
0 0.430556 0.357143 0.013889 0.012673
0 0.727778 0.100230 0.019444 0.017281
0 0.780556 0.115207 0.020833 0.019585
0 0.395833 0.146313 0.026389 0.021889
0 0.518056 0.269585 0.023611 0.020737
0 0.618056 0.518433 0.018056 0.019585
0 0.620833 0.524194 0.020833 0.018433
0 0.675000 0.457373 0.018056 0.020737
0 0.569444 0.131336 0.018056 0.013825
0 0.673611 0.299539 0.019444 0.017281
