0 0.437500 0.322581 0.015278 0.012673
0 0.729167 0.322581 0.013889 0.010369
0 0.680556 0.368664 0.012500 0.010369
0 0.451389 0.311060 0.016667 0.011521
0 0.569444 0.345622 0.015278 0.011521
0 0.430556 0.357143 0.013889 0.009217
0 0.756944 0.088710 0.020833 0.020737
0 0.488889 0.250000 0.020833 0.017281
0 0.586111 0.498848 0.023611 0.023041
0 0.570833 0.130184 0.020833 0.018433
0 0.327778 0.184332 0.020833 0.019585
0 0.725000 0.154378 0.015278 0.013825
0 0.609722 0.443548 0.020833 0.018433
0 0.622222 0.389401 0.020833 0.019585
0 0.672222 0.135945 0.026389 0.020737
0 0.805556 0.140553 0.022222 0.021889
