0 0.437500 0.322581 0.012500 0.011521
0 0.729167 0.322581 0.013889 0.010369
0 0.680556 0.368664 0.012500 0.009217
0 0.451389 0.311060 0.013889 0.012673
0 0.569444 0.345622 0.015278 0.012673
0 0.430556 0.357143 0.012500 0.010369
0 0.759722 0.092166 0.020833 0.020737
0 0.493056 0.252304 0.022222 0.024194
0 0.590278 0.501152 0.026389 0.021889
0 0.566667 0.141705 0.020833 0.018433
0 0.340278 0.179724 0.023611 0.021889
0 0.729167 0.142857 0.019444 0.018433
0 0.611111 0.455069 0.022222 0.018433
0 0.630556 0.398618 0.019444 0.016129
0 0.787500 0.162442 0.019444 0.018433
