0 0.437500 0.322581 0.013889 0.011521
0 0.729167 0.322581 0.013889 0.012673
0 0.680556 0.368664 0.012500 0.009217
0 0.451389 0.311060 0.012500 0.011521
0 0.569444 0.345622 0.013889 0.012673
0 0.430556 0.357143 0.012500 0.009217
0 0.763889 0.095622 0.018056 0.018433
0 0.497222 0.255760 0.020833 0.016129
0 0.594444 0.504608 0.018056 0.018433
0 0.352778 0.173963 0.023611 0.023041
0 0.733333 0.132488 0.020833 0.017281
0 0.612500 0.466590 0.022222 0.018433
0 0.637500 0.408986 0.026389 0.021889
0 0.768056 0.185484 0.023611 0.020737
