0 0.437500 0.322581 0.012500 0.011521
0 0.729167 0.322581 0.012500 0.012673
0 0.680556 0.368664 0.013889 0.014977
0 0.451389 0.311060 0.015278 0.012673
0 0.569444 0.345622 0.015278 0.008065
0 0.430556 0.357143 0.015278 0.013825
0 0.731944 0.097926 0.022222 0.025346
0 0.776389 0.110599 0.020833 0.016129
0 0.400000 0.144009 0.022222 0.018433
0 0.513889 0.267281 0.022222 0.020737
0 0.612500 0.514977 0.018056 0.016129
0 0.619444 0.512673 0.023611 0.025346
0 0.668056 0.447005 0.020833 0.018433
0 0.543056 0.115207 0.026389 0.021889
0 0.544444 0.084101 0.015278 0.013825
0 0.693056 0.276498 0.025000 0.020737
