0 0.437500 0.322581 0.011111 0.010369
0 0.729167 0.322581 0.013889 0.014977
0 0.680556 0.368664 0.013889 0.011521
0 0.451389 0.311060 0.013889 0.012673
0 0.569444 0.345622 0.012500 0.009217
0 0.430556 0.357143 0.015278 0.011521
0 0.740278 0.096774 0.020833 0.017281
0 0.772222 0.104839 0.025000 0.019585
0 0.408333 0.140553 0.018056 0.016129
0 0.508333 0.262673 0.016667 0.014977
0 0.605556 0.511521 0.018056 0.019585
0 0.744444 0.104839 0.025000 0.024194
0 0.616667 0.495392 0.020833 0.021889
0 0.656944 0.433180 0.022222 0.026498
0 0.494444 0.087558 0.020833 0.017281
0 0.720833 0.241935 0.022222 0.018433
