0 0.437500 0.322581 0.013889 0.010369
0 0.729167 0.322581 0.012500 0.010369
0 0.680556 0.368664 0.016667 0.012673
0 0.451389 0.311060 0.013889 0.010369
0 0.569444 0.345622 0.013889 0.011521
0 0.430556 0.357143 0.013889 0.010369
0 0.484722 0.246544 0.019444 0.021889
0 0.581944 0.495392 0.019444 0.020737
0 0.576389 0.119816 0.018056 0.016129
0 0.315278 0.190092 0.020833 0.017281
0 0.719444 0.164747 0.020833 0.020737
0 0.608333 0.432028 0.016667 0.013825
0 0.615278 0.380184 0.022222 0.018433
0 0.652778 0.158986 0.020833 0.017281
