0 0.437500 0.322581 0.015278 0.011521
0 0.729167 0.322581 0.011111 0.009217
0 0.680556 0.368664 0.015278 0.011521
0 0.451389 0.311060 0.012500 0.010369
0 0.569444 0.345622 0.012500 0.012673
0 0.430556 0.357143 0.013889 0.008065
0 0.765278 0.097926 0.026389 0.020737
0 0.498611 0.256912 0.023611 0.021889
0 0.597222 0.505760 0.015278 0.013825
0 0.358333 0.171659 0.015278 0.013825
0 0.736111 0.126728 0.027778 0.023041
0 0.613889 0.472350 0.020833 0.019585
0 0.641667 0.413594 0.020833 0.018433
0 0.758333 0.197005 0.022222 0.023041
