0 0.437500 0.322581 0.016667 0.011521
0 0.729167 0.322581 0.012500 0.009217
0 0.680556 0.368664 0.013889 0.013825
0 0.451389 0.311060 0.009722 0.010369
0 0.569444 0.345622 0.018056 0.011521
0 0.430556 0.357143 0.013889 0.011521
0 0.745833 0.095622 0.019444 0.017281
0 0.768056 0.101382 0.020833 0.018433
0 0.502778 0.260369 0.016667 0.019585
0 0.601389 0.508065 0.026389 0.023041
0 0.370833 0.165899 0.023611 0.023041
0 0.740278 0.116359 0.020833 0.018433
0 0.615278 0.483871 0.020833 0.018433
0 0.648611 0.422811 0.022222 0.019585
0 0.461111 0.089862 0.018056 0.016129
0 0.740278 0.220046 0.020833 0.017281
