0 0.437500 0.322581 0.015278 0.013825
0 0.729167 0.322581 0.011111 0.010369
0 0.680556 0.368664 0.012500 0.010369
0 0.451389 0.311060 0.013889 0.012673
0 0.569444 0.345622 0.013889 0.012673
0 0.430556 0.357143 0.013889 0.011521
0 0.758333 0.091014 0.026389 0.020737
0 0.490278 0.251152 0.016667 0.014977
0 0.588889 0.500000 0.022222 0.021889
0 0.568056 0.135945 0.019444 0.018433
0 0.334722 0.182028 0.020833 0.014977
0 0.726389 0.148618 0.020833 0.016129
0 0.609722 0.449309 0.025000 0.021889
0 0.626389 0.394009 0.020833 0.020737
0 0.795833 0.150922 0.018056 0.017281
