0 0.437500 0.322581 0.015278 0.011521
0 0.729167 0.322581 0.015278 0.012673
0 0.680556 0.368664 0.013889 0.013825
0 0.451389 0.311060 0.013889 0.012673
0 0.569444 0.345622 0.015278 0.012673
0 0.430556 0.357143 0.016667 0.011521
0 0.486111 0.247696 0.020833 0.020737
0 0.583333 0.497696 0.023611 0.023041
0 0.573611 0.125576 0.020833 0.018433
0 0.322222 0.187788 0.020833 0.018433
0 0.722222 0.160138 0.026389 0.020737
0 0.608333 0.437788 0.020833 0.018433
0 0.619444 0.384793 0.022222 0.020737
0 0.662500 0.147465 0.018056 0.019585
0 0.815278 0.129032 0.019444 0.018433
