0 0.437500 0.322581 0.013889 0.014977
0 0.729167 0.322581 0.015278 0.011521
0 0.680556 0.368664 0.015278 0.011521
0 0.451389 0.311060 0.013889 0.011521
0 0.569444 0.345622 0.015278 0.011521
0 0.430556 0.357143 0.013889 0.010369
0 0.734722 0.097926 0.022222 0.018433
0 0.775000 0.109447 0.020833 0.023041
0 0.402778 0.142857 0.018056 0.014977
0 0.512500 0.266129 0.026389 0.021889
0 0.611111 0.513825 0.018056 0.020737
0 0.618056 0.506912 0.020833 0.019585
0 0.663889 0.442396 0.023611 0.020737
0 0.529167 0.107143 0.020833 0.018433
0 0.527778 0.085253 0.018056 0.019585
0 0.701389 0.264977 0.022222 0.017281
