0 0.437500 0.322581 0.013889 0.011521
0 0.729167 0.322581 0.013889 0.009217
0 0.680556 0.368664 0.015278 0.011521
0 0.451389 0.311060 0.016667 0.012673
0 0.569444 0.345622 0.015278 0.013825
0 0.430556 0.357143 0.013889 0.011521
0 0.762500 0.094470 0.022222 0.021889
0 0.494444 0.253456 0.020833 0.021889
0 0.593056 0.502304 0.016667 0.018433
0 0.345833 0.176267 0.020833 0.019585
0 0.730556 0.138249 0.020833 0.017281
0 0.611111 0.460829 0.020833 0.020737
0 0.634722 0.404378 0.020833 0.024194
0 0.777778 0.173963 0.020833 0.020737
