0 0.437500 0.322581 0.013889 0.011521
0 0.729167 0.322581 0.012500 0.009217
0 0.680556 0.368664 0.011111 0.009217
0 0.451389 0.311060 0.013889 0.012673
0 0.569444 0.345622 0.015278 0.013825
0 0.430556 0.357143 0.015278 0.011521
0 0.729167 0.099078 0.016667 0.014977
0 0.777778 0.112903 0.020833 0.020737
0 0.398611 0.145161 0.020833 0.018433
0 0.516667 0.268433 0.018056 0.019585
0 0.615278 0.516129 0.022222 0.023041
0 0.619444 0.518433 0.018056 0.016129
0 0.672222 0.452765 0.023611 0.021889
0 0.555556 0.123272 0.023611 0.021889
0 0.561111 0.082949 0.018056 0.016129
0 0.683333 0.288018 0.015278 0.016129
