0 0.437500 0.322581 0.012500 0.010369
0 0.729167 0.322581 0.013889 0.010369
0 0.680556 0.368664 0.016667 0.012673
0 0.451389 0.311060 0.015278 0.009217
0 0.569444 0.345622 0.015278 0.012673
0 0.430556 0.357143 0.015278 0.011521
0 0.743056 0.095622 0.020833 0.021889
0 0.769444 0.103687 0.023611 0.024194
0 0.411111 0.139401 0.018056 0.019585
0 0.505556 0.261521 0.026389 0.021889
0 0.604167 0.509217 0.022222 0.019585
0 0.377778 0.163594 0.016667 0.019585
0 0.741667 0.110599 0.016667 0.012673
0 0.615278 0.489631 0.027778 0.032258
0 0.652778 0.428571 0.023611 0.021889
0 0.477778 0.088710 0.022222 0.021889
0 0.730556 0.231567 0.019444 0.019585
