0 0.597293 0.708458 0.019052 0.013375
0 0.471925 0.658400 0.016314 0.008916
0 0.472970 0.652806 0.011571 0.006984
0 0.484289 0.677701 0.017672 0.008372
0 0.365800 0.634200 0.016999 0.016999
0 0.586541 0.635733 0.015247 0.012886
0 0.264796 0.347082 0.029165 0.036754
0 0.439024 0.556904 0.017379 0.017521
0 0.511078 0.623489 0.014874 0.010966
0 0.505718 0.587780 0.013075 0.012222
0 0.488666 0.589613 0.013002 0.011711
0 0.426047 0.558917 0.015400 0.016038
0 0.429222 0.693838 0.025347 0.017196
0 0.308129 0.494840 0.011043 0.027555
0 0.434284 0.541251 0.014367 0.014913
0 0.705478 0.631065 0.025387 0.032163
