0 0.597278 0.708477 0.016747 0.011484
0 0.471963 0.658452 0.013349 0.007297
0 0.472924 0.652734 0.015769 0.008820
0 0.484328 0.677414 0.017594 0.007796
0 0.366015 0.633985 0.014592 0.014592
0 0.586678 0.635948 0.016145 0.013168
0 0.264459 0.340963 0.030775 0.038697
0 0.436216 0.560547 0.013639 0.013717
0 0.506921 0.627481 0.016154 0.010004
0 0.506173 0.583715 0.012346 0.009990
0 0.472767 0.587731 0.017313 0.015748
0 0.418539 0.568441 0.017894 0.018376
0 0.463482 0.704927 0.030645 0.016370
0 0.308861 0.462645 0.011558 0.023130
0 0.457820 0.562346 0.012973 0.012646
