0 0.597165 0.708220 0.016972 0.011997
0 0.471925 0.658733 0.013272 0.006734
0 0.472879 0.653073 0.013226 0.008923
0 0.484326 0.677734 0.016021 0.007091
0 0.366017 0.633983 0.012610 0.012610
0 0.586541 0.635733 0.015247 0.012886
0 0.264716 0.338118 0.033005 0.041117
0 0.435335 0.561390 0.015935 0.015962
0 0.505842 0.628935 0.017539 0.010500
0 0.505924 0.582358 0.009073 0.006916
0 0.468926 0.587103 0.013145 0.012715
0 0.416978 0.570961 0.015214 0.015736
0 0.472609 0.706105 0.026333 0.011869
0 0.310386 0.454063 0.018167 0.034040
0 0.464350 0.566644 0.013573 0.013769
