0 0.597281 0.708390 0.022688 0.015069
0 0.471888 0.658681 0.016241 0.008354
0 0.472941 0.652787 0.013104 0.008352
0 0.484317 0.677699 0.017572 0.007225
0 0.365804 0.634196 0.015015 0.015015
0 0.586541 0.635733 0.015247 0.012886
0 0.264681 0.316061 0.029722 0.034427
0 0.426786 0.571955 0.016780 0.016818
0 0.489947 0.640289 0.016533 0.009720
0 0.506306 0.568456 0.009821 0.010519
0 0.425596 0.564741 0.016262 0.016512
0 0.398999 0.601001 0.018025 0.018025
0 0.579750 0.696564 0.036511 0.022768
0 0.483104 0.564346 0.010584 0.010526
