0 0.597272 0.708448 0.018566 0.012331
0 0.471963 0.658452 0.013349 0.007297
0 0.472924 0.652734 0.015769 0.008820
0 0.484317 0.677699 0.017572 0.007225
0 0.365804 0.634196 0.015015 0.015015
0 0.586670 0.635925 0.017330 0.013923
0 0.264276 0.312422 0.029669 0.034183
0 0.425590 0.574410 0.019380 0.019380
0 0.487137 0.641914 0.023333 0.013395
0 0.506093 0.566466 0.008929 0.009875
0 0.419535 0.558638 0.018841 0.018984
0 0.395555 0.606272 0.024081 0.023987
0 0.597131 0.690279 0.024633 0.019382
0 0.484553 0.577904 0.012641 0.011141
