0 0.597155 0.708160 0.020605 0.013690
0 0.471963 0.658452 0.013349 0.007297
0 0.472916 0.652703 0.017102 0.009053
0 0.484364 0.677446 0.015946 0.006515
0 0.366068 0.633932 0.016114 0.016114
0 0.586541 0.635733 0.015247 0.012886
0 0.264136 0.331598 0.034870 0.043091
0 0.432598 0.565106 0.016662 0.016764
0 0.500000 0.633067 0.018159 0.010921
0 0.506468 0.577674 0.011035 0.011689
0 0.453299 0.582020 0.018510 0.018974
0 0.410708 0.580453 0.019326 0.019758
0 0.507465 0.709455 0.026147 0.009514
0 0.494646 0.572555 0.010110 0.009266
