0 0.597282 0.708502 0.014928 0.010636
0 0.471925 0.658733 0.013272 0.006734
0 0.472916 0.652703 0.017102 0.009053
0 0.484317 0.677699 0.017572 0.007225
0 0.366048 0.633952 0.014946 0.014946
0 0.586541 0.635733 0.015247 0.012886
0 0.542833 0.532971 0.012041 0.011538
0 0.266953 0.356960 0.031761 0.042348
0 0.443419 0.551898 0.016190 0.016336
0 0.516787 0.616634 0.019788 0.012815
0 0.506068 0.595042 0.010557 0.010370
0 0.511556 0.585826 0.011620 0.009932
0 0.437282 0.545668 0.012537 0.012722
0 0.561763 0.541040 0.013846 0.014003
0 0.382863 0.667048 0.031053 0.026301
0 0.317223 0.542552 0.016151 0.030952
0 0.420847 0.494129 0.011047 0.011094
0 0.594703 0.707268 0.031442 0.021788
