0 0.597281 0.708390 0.022688 0.015069
0 0.471925 0.658733 0.013272 0.006734
0 0.472907 0.652766 0.014637 0.009719
0 0.484301 0.677736 0.016121 0.008237
0 0.365836 0.634164 0.013387 0.013387
0 0.586541 0.635733 0.015247 0.012886
0 0.542932 0.536112 0.013244 0.012991
0 0.267071 0.362625 0.025898 0.035181
0 0.519403 0.614007 0.016645 0.012704
0 0.505443 0.598720 0.014526 0.011053
0 0.522502 0.582460 0.016507 0.014202
0 0.443330 0.539815 0.013063 0.013173
0 0.362877 0.649602 0.026184 0.025148
0 0.325728 0.565385 0.016612 0.025851
0 0.493720 0.555729 0.009905 0.011772
0 0.424482 0.469270 0.011988 0.013115
0 0.530928 0.717706 0.031800 0.013952
