0 0.597281 0.708390 0.022688 0.015069
0 0.471910 0.658761 0.012086 0.007624
0 0.472963 0.652783 0.012904 0.007218
0 0.484350 0.677479 0.014497 0.007528
0 0.366048 0.633952 0.016928 0.016928
0 0.586655 0.635933 0.015526 0.012198
0 0.543132 0.534368 0.010040 0.009504
0 0.266536 0.359468 0.030927 0.039424
0 0.444278 0.551093 0.013007 0.013008
0 0.517765 0.616245 0.018881 0.013375
0 0.505355 0.596168 0.013394 0.012715
0 0.515337 0.585249 0.012864 0.011592
0 0.439365 0.544210 0.015270 0.015582
0 0.561339 0.544688 0.013729 0.013760
0 0.376104 0.661271 0.033395 0.029183
0 0.319611 0.550345 0.017078 0.026552
0 0.504739 0.549821 0.008301 0.010948
0 0.421057 0.485648 0.013052 0.015000
0 0.573568 0.712879 0.031073 0.018843
