0 0.597293 0.708458 0.019052 0.013375
0 0.471917 0.658368 0.017696 0.009158
0 0.472924 0.652734 0.015769 0.008820
0 0.484339 0.677448 0.016046 0.007662
0 0.366031 0.633969 0.015760 0.015760
0 0.586535 0.635713 0.016431 0.013639
0 0.265167 0.350271 0.025079 0.033034
0 0.440893 0.555161 0.017030 0.017088
0 0.513097 0.621858 0.014918 0.011750
0 0.505823 0.590642 0.013316 0.009952
0 0.495892 0.588372 0.014810 0.012081
0 0.429589 0.554127 0.014360 0.014804
0 0.412943 0.686046 0.032480 0.023294
0 0.310129 0.511927 0.011948 0.027273
0 0.426751 0.527030 0.014671 0.015878
0 0.673046 0.664237 0.028587 0.029381
