0 0.597288 0.708426 0.020870 0.014222
0 0.471925 0.658400 0.016314 0.008916
0 0.472870 0.653047 0.014561 0.009157
0 0.484364 0.677446 0.015946 0.006515
0 0.366048 0.633952 0.016928 0.016928
0 0.586655 0.635933 0.015526 0.012198
0 0.263598 0.325005 0.023876 0.028874
0 0.430300 0.567325 0.016236 0.016293
0 0.496300 0.635536 0.020996 0.012013
0 0.506040 0.574280 0.008371 0.008068
0 0.442079 0.576647 0.019277 0.018688
0 0.405716 0.587945 0.018085 0.018688
0 0.535049 0.707823 0.028659 0.013062
0 0.517536 0.569231 0.011291 0.011184
