0 0.597278 0.708477 0.016747 0.011484
0 0.471895 0.658711 0.014856 0.008111
0 0.472932 0.652762 0.014437 0.008586
0 0.484326 0.677734 0.016021 0.007091
0 0.365820 0.634180 0.014201 0.014201
0 0.586520 0.635719 0.014629 0.011915
0 0.264523 0.344064 0.019843 0.024684
0 0.437363 0.558444 0.015789 0.015933
0 0.509102 0.625918 0.016082 0.010827
0 0.506327 0.585641 0.015037 0.010730
0 0.480823 0.588897 0.013557 0.011471
0 0.421833 0.563372 0.014771 0.015010
0 0.446151 0.699956 0.028581 0.015904
0 0.307688 0.477816 0.012202 0.022944
0 0.444995 0.553135 0.014883 0.014921
