0 0.597293 0.708458 0.019052 0.013375
0 0.471957 0.658425 0.014732 0.007540
0 0.472860 0.653019 0.015897 0.009391
0 0.484313 0.677767 0.014570 0.008103
0 0.365835 0.634165 0.017354 0.017354
0 0.586701 0.635963 0.016763 0.014139
0 0.263497 0.311762 0.036472 0.041907
0 0.424803 0.575197 0.015274 0.015274
0 0.486103 0.642624 0.014362 0.008192
0 0.505943 0.564748 0.008719 0.009857
0 0.416453 0.555423 0.013947 0.015374
0 0.394742 0.608985 0.018749 0.018552
0 0.605247 0.685576 0.035894 0.026422
0 0.485579 0.585168 0.008764 0.009190
