0 0.597122 0.708112 0.021934 0.013492
0 0.471895 0.658711 0.014856 0.008111
0 0.472932 0.652762 0.014437 0.008586
0 0.484339 0.677448 0.016046 0.007662
0 0.366031 0.633969 0.015760 0.015760
0 0.586530 0.635754 0.012262 0.010408
0 0.264138 0.322147 0.032637 0.038836
0 0.429054 0.569726 0.016080 0.016120
0 0.493781 0.637872 0.017425 0.009927
0 0.505999 0.571921 0.010821 0.010530
0 0.435761 0.572543 0.016965 0.016693
0 0.403213 0.593476 0.015174 0.015280
0 0.553201 0.704592 0.029255 0.016394
0 0.483586 0.544153 0.010282 0.013580
