0 0.597147 0.708123 0.022420 0.014535
0 0.471925 0.658733 0.013272 0.006734
0 0.472932 0.652762 0.014437 0.008586
0 0.484339 0.677448 0.016046 0.007662
0 0.366048 0.633952 0.014946 0.014946
0 0.586655 0.635933 0.015526 0.012198
0 0.542714 0.531149 0.011295 0.011015
0 0.266366 0.353873 0.025950 0.034872
0 0.442159 0.553035 0.013245 0.013267
0 0.515035 0.619252 0.018071 0.013454
0 0.505965 0.592677 0.012785 0.010496
0 0.504012 0.587610 0.011242 0.009084
0 0.433456 0.550276 0.015708 0.015845
0 0.561921 0.535123 0.008870 0.009058
0 0.397777 0.676893 0.022956 0.016574
0 0.312828 0.528225 0.012277 0.022613
0 0.421936 0.511256 0.011497 0.010302
0 0.635582 0.689921 0.029881 0.024762
