0 0.597178 0.708170 0.021091 0.014733
0 0.471963 0.658452 0.013349 0.007297
0 0.472916 0.652703 0.017102 0.009053
0 0.484364 0.677446 0.015946 0.006515
0 0.365792 0.634208 0.013846 0.013846
0 0.586526 0.635738 0.013445 0.011162
0 0.264176 0.328557 0.027355 0.032511
0 0.431780 0.565898 0.017352 0.017478
0 0.498796 0.633313 0.019287 0.009357
0 0.506322 0.576786 0.011367 0.008865
0 0.449750 0.580098 0.017354 0.016189
0 0.409290 0.583166 0.019641 0.020026
0 0.516819 0.709408 0.030049 0.012043
0 0.502708 0.572372 0.010843 0.010691
