0 0.597281 0.708390 0.022688 0.015069
0 0.471930 0.658757 0.011886 0.006490
0 0.472932 0.652762 0.014437 0.008586
0 0.484372 0.677477 0.014397 0.006381
0 0.365836 0.634164 0.015371 0.015371
0 0.586526 0.635738 0.013445 0.011162
0 0.264634 0.332010 0.027544 0.033780
0 0.433122 0.564612 0.021137 0.021196
0 0.501194 0.631915 0.017932 0.009922
0 0.506461 0.578549 0.010327 0.009927
0 0.457288 0.583301 0.018244 0.015733
0 0.412194 0.577727 0.015943 0.016434
0 0.498131 0.708666 0.035583 0.011209
0 0.486863 0.572180 0.013244 0.012746
