0 0.597161 0.708192 0.018789 0.012844
0 0.471902 0.658737 0.013472 0.007868
0 0.472924 0.652734 0.015769 0.008820
0 0.484372 0.677477 0.014397 0.006381
0 0.365820 0.634180 0.014201 0.014201
0 0.586671 0.635974 0.013155 0.010688
0 0.542654 0.532246 0.011721 0.011078
0 0.266005 0.356387 0.029561 0.037252
0 0.442784 0.552467 0.014051 0.014073
0 0.515942 0.618266 0.017958 0.013001
0 0.506036 0.593825 0.012936 0.010505
0 0.507909 0.586779 0.012223 0.010729
0 0.435563 0.547780 0.013309 0.012896
0 0.561407 0.537859 0.015041 0.015567
0 0.390088 0.672242 0.029619 0.024052
0 0.314592 0.536307 0.013187 0.025942
0 0.420451 0.502928 0.009003 0.011726
0 0.615364 0.699554 0.028706 0.021553
