0 0.597265 0.708415 0.020384 0.013179
0 0.471963 0.658452 0.013349 0.007297
0 0.472957 0.652758 0.014237 0.007452
0 0.484364 0.677446 0.015946 0.006515
0 0.366031 0.633969 0.015760 0.015760
0 0.586545 0.635750 0.014064 0.012132
0 0.263489 0.315131 0.028675 0.032861
0 0.426573 0.573427 0.017719 0.017719
0 0.488605 0.640989 0.019200 0.010623
0 0.506332 0.567519 0.012115 0.011275
0 0.422439 0.561781 0.015265 0.015868
0 0.397479 0.604320 0.019291 0.019154
0 0.588473 0.693455 0.036405 0.024041
0 0.483129 0.571457 0.013062 0.013084
