0 0.597172 0.708135 0.022906 0.015578
0 0.471925 0.658733 0.013272 0.006734
0 0.472932 0.652762 0.014437 0.008586
0 0.484326 0.677734 0.016021 0.007091
0 0.366029 0.633971 0.017741 0.017741
0 0.586678 0.635948 0.016145 0.013168
0 0.264666 0.319352 0.026429 0.031264
0 0.428218 0.570550 0.018227 0.018276
0 0.492542 0.638598 0.019903 0.008476
0 0.506462 0.570458 0.010034 0.009970
0 0.432675 0.569700 0.016293 0.016236
0 0.401189 0.595434 0.018686 0.018916
0 0.562169 0.702384 0.029541 0.018001
0 0.483194 0.550934 0.009506 0.010912
