0 0.597265 0.708415 0.020384 0.013179
0 0.471957 0.658425 0.014732 0.007540
0 0.472963 0.652783 0.012904 0.007218
0 0.484328 0.677414 0.017594 0.007796
0 0.366031 0.633969 0.015760 0.015760
0 0.586535 0.635713 0.016431 0.013639
0 0.543453 0.538490 0.011475 0.011385
0 0.268321 0.366078 0.024319 0.032922
0 0.505532 0.600697 0.015688 0.010536
0 0.529165 0.579221 0.015487 0.014534
0 0.447434 0.535575 0.011306 0.011371
0 0.350824 0.636740 0.027134 0.028203
0 0.332761 0.579989 0.019091 0.024896
0 0.481496 0.559724 0.010339 0.010636
0 0.431182 0.453389 0.016400 0.016617
0 0.488524 0.713853 0.036393 0.012181
