0 0.597132 0.708149 0.020118 0.012646
0 0.471933 0.658429 0.014932 0.008673
0 0.472916 0.652703 0.017102 0.009053
0 0.484339 0.677448 0.016046 0.007662
0 0.365804 0.634196 0.015015 0.015015
0 0.586706 0.635982 0.015578 0.013385
0 0.543113 0.536919 0.015044 0.014570
0 0.268026 0.363219 0.023641 0.032446
0 0.520223 0.613260 0.016238 0.010542
0 0.505433 0.599988 0.010026 0.008548
0 0.525800 0.580956 0.013538 0.012661
0 0.445574 0.537603 0.015176 0.015180
0 0.356881 0.643119 0.026450 0.026450
0 0.328980 0.572821 0.017975 0.025996
0 0.487976 0.557821 0.008510 0.010915
0 0.427283 0.461145 0.013179 0.013831
0 0.509680 0.717141 0.027122 0.010350
