0 0.597161 0.708192 0.018789 0.012844
0 0.471888 0.658681 0.016241 0.008354
0 0.472963 0.652783 0.012904 0.007218
0 0.484364 0.677446 0.015946 0.006515
0 0.366048 0.633952 0.016928 0.016928
0 0.586671 0.635974 0.013155 0.010688
0 0.265118 0.335417 0.028607 0.035714
0 0.434504 0.562181 0.016577 0.016638
0 0.503522 0.630478 0.016452 0.008465
0 0.506053 0.580854 0.012105 0.012255
0 0.464963 0.586177 0.014513 0.012553
0 0.414985 0.572679 0.017361 0.017835
0 0.481447 0.707482 0.031783 0.013571
0 0.471912 0.569144 0.010041 0.009859
