0 0.597172 0.708135 0.022906 0.015578
0 0.471888 0.658681 0.016241 0.008354
0 0.472963 0.652783 0.012904 0.007218
0 0.484326 0.677734 0.016021 0.007091
0 0.366048 0.633952 0.014946 0.014946
0 0.586512 0.635698 0.015812 0.012668
0 0.265608 0.347627 0.028983 0.037763
0 0.439712 0.556235 0.010440 0.010490
0 0.512206 0.622607 0.021305 0.011675
0 0.505823 0.589215 0.013316 0.012808
0 0.491853 0.589073 0.012624 0.011901
0 0.427354 0.556809 0.010886 0.011220
0 0.421158 0.689714 0.028811 0.019853
0 0.308671 0.503420 0.009660 0.027400
0 0.430374 0.534093 0.010276 0.010567
0 0.690265 0.648727 0.023667 0.026903
