0 0.597155 0.708160 0.020605 0.013690
0 0.471895 0.658711 0.014856 0.008111
0 0.472963 0.652783 0.012904 0.007218
0 0.484336 0.677765 0.014470 0.006956
0 0.366031 0.633969 0.015760 0.015760
0 0.586678 0.635948 0.016145 0.013168
0 0.263932 0.318739 0.034645 0.040998
0 0.427441 0.571308 0.012173 0.012201
0 0.491157 0.639723 0.018952 0.010873
0 0.506368 0.569597 0.009871 0.009387
0 0.429107 0.567307 0.019043 0.019238
0 0.399919 0.598358 0.020649 0.020741
0 0.571121 0.700050 0.029662 0.019034
0 0.482440 0.557977 0.011681 0.014518
