0 0.597155 0.708160 0.020605 0.013690
0 0.471950 0.658479 0.012167 0.008188
0 0.472941 0.652787 0.013104 0.008352
0 0.484364 0.677446 0.015946 0.006515
0 0.365818 0.634182 0.016185 0.016185
0 0.586678 0.635948 0.016145 0.013168
0 0.542254 0.530206 0.008510 0.008059
0 0.266484 0.351082 0.028061 0.037266
0 0.441038 0.554079 0.016417 0.016359
0 0.513963 0.620340 0.013718 0.011153
0 0.505932 0.591842 0.011864 0.011017
0 0.500000 0.588206 0.013099 0.010918
0 0.431630 0.552567 0.014610 0.014885
0 0.561865 0.531671 0.010987 0.010391
0 0.405148 0.681659 0.031214 0.024424
0 0.311272 0.520113 0.011575 0.024044
0 0.423781 0.519424 0.015478 0.013841
0 0.654638 0.677830 0.028943 0.026750
