0 0.597281 0.708390 0.022688 0.015069
0 0.471952 0.658395 0.016114 0.007782
0 0.472924 0.652734 0.015769 0.008820
0 0.484336 0.677765 0.014470 0.006956
0 0.365836 0.634164 0.015371 0.015371
0 0.586541 0.635733 0.015247 0.012886
0 0.265094 0.341436 0.026519 0.033539
0 0.437267 0.559548 0.012584 0.012649
0 0.508222 0.626761 0.027074 0.017007
0 0.506253 0.584576 0.012506 0.010572
0 0.476804 0.588586 0.013418 0.012820
0 0.420149 0.565935 0.019057 0.019499
0 0.454766 0.702141 0.035938 0.018092
0 0.308093 0.471046 0.012286 0.026425
0 0.450998 0.558317 0.013531 0.013438
