0 0.597272 0.708448 0.018566 0.012331
0 0.471920 0.658706 0.014657 0.006977
0 0.472951 0.652729 0.015570 0.007686
0 0.484326 0.677734 0.016021 0.007091
0 0.365820 0.634180 0.014201 0.014201
0 0.586528 0.635691 0.017613 0.014392
0 0.265879 0.344803 0.035775 0.045516
0 0.438195 0.557664 0.014675 0.014737
0 0.510207 0.624590 0.019369 0.012338
0 0.506245 0.586949 0.009554 0.006950
0 0.484734 0.589069 0.013565 0.013291
0 0.423858 0.561786 0.019129 0.019829
0 0.437595 0.697257 0.024988 0.015288
0 0.307891 0.486305 0.009788 0.025741
0 0.439136 0.547628 0.012145 0.012382
