0 0.597155 0.708160 0.020605 0.013690
0 0.471920 0.658706 0.014657 0.006977
0 0.472970 0.652806 0.011571 0.006984
0 0.484364 0.677446 0.015946 0.006515
0 0.366031 0.633969 0.013778 0.013778
0 0.586685 0.635969 0.014959 0.012414
0 0.264177 0.334757 0.028693 0.035837
0 0.433498 0.563130 0.014918 0.015021
0 0.502358 0.630753 0.017704 0.008920
0 0.505772 0.579796 0.008226 0.008572
0 0.461063 0.585154 0.011275 0.010531
0 0.413703 0.575100 0.020656 0.021448
0 0.490699 0.708755 0.027928 0.009808
0 0.479220 0.571356 0.012816 0.012800
