0 0.597155 0.708160 0.020605 0.013690
0 0.471910 0.658761 0.012086 0.007624
0 0.472932 0.652762 0.014437 0.008586
0 0.484372 0.677477 0.014397 0.006381
0 0.365820 0.634180 0.014201 0.014201
0 0.586520 0.635719 0.014629 0.011915
0 0.543285 0.535127 0.011276 0.011077
0 0.267506 0.360108 0.027659 0.036077
0 0.444508 0.549991 0.010348 0.010325
0 0.518509 0.615043 0.015596 0.011882
0 0.505436 0.597449 0.018149 0.013501
0 0.518834 0.584010 0.010668 0.010375
0 0.441558 0.541823 0.013763 0.013818
0 0.369344 0.655629 0.026287 0.024142
0 0.322486 0.557872 0.014161 0.024015
0 0.499503 0.553509 0.005472 0.006949
0 0.422260 0.477360 0.014521 0.013503
0 0.552259 0.716382 0.030769 0.016868
