0 0.597265 0.708415 0.020384 0.013179
0 0.471941 0.658456 0.013549 0.008431
0 0.472963 0.652783 0.012904 0.007218
0 0.484364 0.677446 0.015946 0.006515
0 0.365835 0.634165 0.017354 0.017354
0 0.586685 0.635969 0.014959 0.012414
0 0.263220 0.327823 0.033909 0.041236
0 0.430939 0.566708 0.016322 0.016411
0 0.497545 0.634605 0.023370 0.012444
0 0.506212 0.575376 0.010554 0.009373
0 0.445885 0.578559 0.015161 0.014169
0 0.407172 0.585107 0.019913 0.020322
0 0.525921 0.708564 0.028525 0.013055
0 0.510393 0.571443 0.011970 0.011162
