0 0.569444 0.472350 0.011111 0.009217
0 0.576389 0.299539 0.015278 0.011521
0 0.513889 0.391705 0.011111 0.010369
0 0.597222 0.460829 0.012500 0.010369
0 0.409722 0.529954 0.013889 0.011521
0 0.687500 0.495392 0.011111 0.011521
0 0.383333 0.160138 0.020833 0.020737
0 0.605556 0.626728 0.022222 0.018433
0 0.459722 0.206221 0.020833 0.018433
0 0.451389 0.385945 0.015278 0.012673
0 0.758333 0.211982 0.025000 0.025346
0 0.690278 0.752304 0.019444 0.018433
0 0.361111 0.231567 0.015278 0.013825
0 0.426389 0.261521 0.019444 0.014977
0 0.763889 0.405530 0.023611 0.020737
0 0.466667 0.246544 0.016667 0.014977
0 0.431944 0.131336 0.020833 0.020737
