0 0.569444 0.472350 0.016667 0.011521
0 0.576389 0.299539 0.016667 0.011521
0 0.513889 0.391705 0.011111 0.012673
0 0.597222 0.460829 0.011111 0.009217
0 0.409722 0.529954 0.016667 0.012673
0 0.687500 0.495392 0.011111 0.011521
0 0.388889 0.140553 0.022222 0.021889
0 0.430556 0.119816 0.020833 0.023041
0 0.484722 0.206221 0.026389 0.020737
0 0.455556 0.365207 0.018056 0.016129
0 0.709722 0.178571 0.019444 0.016129
0 0.376389 0.182028 0.020833 0.020737
0 0.706944 0.384793 0.020833 0.017281
0 0.393056 0.138249 0.019444 0.017281
0 0.419444 0.145161 0.020833 0.025346
