0 0.569444 0.472350 0.013889 0.011521
0 0.576389 0.299539 0.012500 0.010369
0 0.513889 0.391705 0.013889 0.009217
0 0.597222 0.460829 0.012500 0.013825
0 0.409722 0.529954 0.013889 0.009217
0 0.687500 0.495392 0.013889 0.009217
0 0.376389 0.185484 0.020833 0.016129
0 0.598611 0.601382 0.022222 0.021889
0 0.429167 0.206221 0.023611 0.024194
0 0.447222 0.411290 0.019444 0.016129
0 0.816667 0.252304 0.023611 0.023041
0 0.341667 0.293779 0.023611 0.020737
0 0.465278 0.206221 0.023611 0.023041
0 0.556944 0.379032 0.020833 0.018433
0 0.575000 0.457373 0.020833 0.014977
