0 0.569444 0.472350 0.013889 0.011521
0 0.576389 0.299539 0.012500 0.010369
0 0.513889 0.391705 0.013889 0.010369
0 0.597222 0.460829 0.015278 0.012673
0 0.409722 0.529954 0.015278 0.008065
0 0.687500 0.495392 0.011111 0.009217
0 0.381944 0.164747 0.022222 0.020737
0 0.604167 0.622120 0.025000 0.025346
0 0.454167 0.206221 0.020833 0.024194
0 0.451389 0.390553 0.022222 0.025346
0 0.768056 0.218894 0.020833 0.017281
0 0.358333 0.243088 0.026389 0.021889
0 0.433333 0.251152 0.026389 0.017281
0 0.776389 0.410138 0.019444 0.018433
0 0.483333 0.270737 0.022222 0.018433
0 0.465278 0.130184 0.020833 0.017281
0 0.425000 0.459677 0.023611 0.021889
