0 0.569444 0.472350 0.015278 0.011521
0 0.576389 0.299539 0.013889 0.013825
0 0.513889 0.391705 0.012500 0.010369
0 0.597222 0.460829 0.012500 0.009217
0 0.409722 0.529954 0.015278 0.012673
0 0.687500 0.495392 0.013889 0.012673
0 0.380556 0.169355 0.026389 0.020737
0 0.602778 0.617512 0.026389 0.020737
0 0.448611 0.206221 0.020833 0.023041
0 0.450000 0.395161 0.022222 0.019585
0 0.779167 0.226959 0.020833 0.017281
0 0.354167 0.254608 0.018056 0.016129
0 0.440278 0.240783 0.020833 0.018433
0 0.788889 0.414747 0.019444 0.016129
0 0.500000 0.294931 0.025000 0.023041
0 0.498611 0.130184 0.020833 0.021889
0 0.458333 0.459677 0.020833 0.020737
