0 0.569444 0.472350 0.013889 0.011521
0 0.576389 0.299539 0.012500 0.012673
0 0.513889 0.391705 0.013889 0.010369
0 0.597222 0.460829 0.015278 0.010369
0 0.409722 0.529954 0.011111 0.011521
0 0.687500 0.495392 0.012500 0.009217
0 0.379167 0.176267 0.026389 0.020737
0 0.600000 0.610599 0.020833 0.019585
0 0.440278 0.206221 0.026389 0.019585
0 0.448611 0.402074 0.020833 0.017281
0 0.795833 0.237327 0.018056 0.018433
0 0.348611 0.270737 0.026389 0.026498
0 0.451389 0.225806 0.022222 0.021889
0 0.525000 0.330645 0.016667 0.013825
0 0.508333 0.458525 0.020833 0.017281
