0 0.569444 0.472350 0.012500 0.012673
0 0.576389 0.299539 0.012500 0.010369
0 0.513889 0.391705 0.013889 0.010369
0 0.597222 0.460829 0.013889 0.012673
0 0.409722 0.529954 0.013889 0.009217
0 0.687500 0.495392 0.011111 0.010369
0 0.373611 0.198157 0.020833 0.017281
0 0.594444 0.588710 0.020833 0.019585
0 0.412500 0.206221 0.018056 0.016129
0 0.444444 0.425115 0.022222 0.016129
0 0.331944 0.327189 0.015278 0.013825
0 0.486111 0.176267 0.022222 0.018433
0 0.606944 0.450461 0.026389 0.020737
0 0.675000 0.456221 0.025000 0.023041
