0 0.569444 0.472350 0.013889 0.010369
0 0.576389 0.299539 0.012500 0.010369
0 0.513889 0.391705 0.015278 0.011521
0 0.597222 0.460829 0.016667 0.011521
0 0.409722 0.529954 0.015278 0.012673
0 0.687500 0.495392 0.013889 0.010369
0 0.384722 0.150922 0.018056 0.014977
0 0.608333 0.635945 0.027778 0.016129
0 0.470833 0.206221 0.023611 0.018433
0 0.454167 0.376728 0.020833 0.024194
0 0.736111 0.197005 0.022222 0.018433
0 0.704167 0.732719 0.022222 0.016129
0 0.368056 0.209677 0.023611 0.024194
0 0.737500 0.396313 0.023611 0.019585
0 0.434722 0.198157 0.016667 0.019585
0 0.365278 0.131336 0.016667 0.013825
