0 0.569444 0.472350 0.013889 0.010369
0 0.576389 0.299539 0.015278 0.009217
0 0.513889 0.391705 0.011111 0.012673
0 0.597222 0.460829 0.015278 0.011521
0 0.409722 0.529954 0.015278 0.013825
0 0.687500 0.495392 0.013889 0.009217
0 0.380556 0.171659 0.019444 0.014977
0 0.601389 0.615207 0.020833 0.017281
0 0.445833 0.206221 0.026389 0.020737
0 0.450000 0.397465 0.020833 0.019585
0 0.784722 0.230415 0.020833 0.023041
0 0.352778 0.260369 0.023611 0.013825
0 0.444444 0.236175 0.019444 0.017281
0 0.508333 0.306452 0.023611 0.020737
0 0.515278 0.130184 0.018056 0.013825
0 0.475000 0.459677 0.018056 0.017281
