0 0.569444 0.472350 0.011111 0.010369
0 0.576389 0.299539 0.013889 0.009217
0 0.513889 0.391705 0.013889 0.011521
0 0.597222 0.460829 0.015278 0.012673
0 0.409722 0.529954 0.013889 0.011521
0 0.687500 0.495392 0.013889 0.011521
0 0.375000 0.193548 0.019444 0.020737
0 0.595833 0.593318 0.016667 0.016129
0 0.418056 0.206221 0.019444 0.017281
0 0.445833 0.420507 0.022222 0.018433
0 0.334722 0.315668 0.025000 0.020737
0 0.479167 0.186636 0.022222 0.023041
0 0.590278 0.426267 0.019444 0.016129
0 0.641667 0.456221 0.022222 0.018433
