0 0.569444 0.472350 0.012500 0.008065
0 0.576389 0.299539 0.015278 0.012673
0 0.513889 0.391705 0.013889 0.012673
0 0.597222 0.460829 0.012500 0.010369
0 0.409722 0.529954 0.012500 0.009217
0 0.687500 0.495392 0.015278 0.012673
0 0.383333 0.157834 0.022222 0.024194
0 0.605556 0.629032 0.016667 0.014977
0 0.462500 0.206221 0.019444 0.017281
0 0.452778 0.383641 0.033333 0.024194
0 0.752778 0.208525 0.018056 0.013825
0 0.694444 0.747696 0.020833 0.020737
0 0.362500 0.225806 0.020833 0.018433
0 0.423611 0.266129 0.025000 0.018433
0 0.756944 0.403226 0.026389 0.021889
0 0.459722 0.233871 0.023611 0.020737
0 0.415278 0.131336 0.022222 0.016129
