0 0.569444 0.472350 0.015278 0.012673
0 0.576389 0.299539 0.015278 0.009217
0 0.513889 0.391705 0.015278 0.012673
0 0.597222 0.460829 0.012500 0.010369
0 0.409722 0.529954 0.015278 0.011521
0 0.687500 0.495392 0.012500 0.009217
0 0.387500 0.141705 0.026389 0.024194
0 0.429167 0.122120 0.020833 0.018433
0 0.481944 0.206221 0.015278 0.012673
0 0.455556 0.367512 0.019444 0.020737
0 0.715278 0.183180 0.022222 0.017281
0 0.375000 0.187788 0.019444 0.018433
0 0.712500 0.387097 0.020833 0.020737
0 0.401389 0.149770 0.020833 0.018433
0 0.431944 0.135945 0.022222 0.018433
