0 0.569444 0.472350 0.015278 0.008065
0 0.576389 0.299539 0.013889 0.011521
0 0.513889 0.391705 0.015278 0.012673
0 0.597222 0.460829 0.011111 0.009217
0 0.409722 0.529954 0.013889 0.012673
0 0.687500 0.495392 0.012500 0.009217
0 0.386111 0.148618 0.022222 0.018433
0 0.425000 0.127880 0.020833 0.024194
0 0.473611 0.206221 0.019444 0.017281
0 0.454167 0.374424 0.026389 0.020737
0 0.730556 0.193548 0.022222 0.023041
0 0.708333 0.728111 0.019444 0.020737
0 0.369444 0.203917 0.019444 0.018433
0 0.731944 0.394009 0.026389 0.021889
0 0.426389 0.186636 0.026389 0.020737
0 0.350000 0.132488 0.020833 0.018433
