0 0.569444 0.472350 0.012500 0.010369
0 0.576389 0.299539 0.015278 0.012673
0 0.513889 0.391705 0.013889 0.013825
0 0.597222 0.460829 0.015278 0.011521
0 0.409722 0.529954 0.012500 0.009217
0 0.687500 0.495392 0.012500 0.010369
0 0.381944 0.162442 0.016667 0.019585
0 0.604167 0.624424 0.018056 0.012673
0 0.456944 0.206221 0.022222 0.027650
0 0.451389 0.388249 0.022222 0.017281
0 0.762500 0.215438 0.020833 0.025346
0 0.359722 0.237327 0.020833 0.019585
0 0.430556 0.255760 0.023611 0.018433
0 0.769444 0.407834 0.016667 0.013825
0 0.475000 0.258065 0.020833 0.020737
0 0.448611 0.131336 0.020833 0.020737
0 0.409722 0.460829 0.016667 0.014977
