0 0.569444 0.472350 0.015278 0.012673
0 0.576389 0.299539 0.015278 0.012673
0 0.513889 0.391705 0.013889 0.009217
0 0.597222 0.460829 0.011111 0.011521
0 0.409722 0.529954 0.012500 0.010369
0 0.687500 0.495392 0.012500 0.012673
0 0.379167 0.178571 0.020833 0.020737
0 0.600000 0.608295 0.019444 0.016129
0 0.437500 0.206221 0.026389 0.020737
0 0.448611 0.404378 0.025000 0.021889
0 0.801389 0.240783 0.025000 0.023041
0 0.347222 0.276498 0.020833 0.018433
0 0.454167 0.221198 0.019444 0.017281
0 0.533333 0.342166 0.026389 0.020737
0 0.525000 0.458525 0.029167 0.024194
