0 0.569444 0.472350 0.012500 0.010369
0 0.576389 0.299539 0.012500 0.011521
0 0.513889 0.391705 0.015278 0.011521
0 0.597222 0.460829 0.013889 0.009217
0 0.409722 0.529954 0.012500 0.011521
0 0.687500 0.495392 0.013889 0.010369
0 0.384722 0.153226 0.026389 0.021889
0 0.606944 0.633641 0.022222 0.020737
0 0.468056 0.206221 0.025000 0.020737
0 0.452778 0.379032 0.022222 0.023041
0 0.741667 0.200461 0.020833 0.018433
0 0.701389 0.737327 0.022222 0.020737
0 0.366667 0.215438 0.020833 0.017281
0 0.416667 0.276498 0.016667 0.017281
0 0.744444 0.398618 0.018056 0.017281
0 0.443056 0.209677 0.019444 0.016129
0 0.381944 0.131336 0.022222 0.018433
