0 0.569444 0.472350 0.013889 0.009217
0 0.576389 0.299539 0.015278 0.012673
0 0.513889 0.391705 0.015278 0.011521
0 0.597222 0.460829 0.012500 0.011521
0 0.409722 0.529954 0.013889 0.010369
0 0.687500 0.495392 0.011111 0.012673
0 0.379167 0.173963 0.022222 0.020737
0 0.601389 0.612903 0.022222 0.027650
0 0.443056 0.206221 0.020833 0.018433
0 0.450000 0.399770 0.018056 0.016129
0 0.790278 0.233871 0.020833 0.019585
0 0.351389 0.264977 0.020833 0.020737
0 0.447222 0.231567 0.016667 0.016129
0 0.516667 0.317972 0.020833 0.018433
0 0.491667 0.458525 0.027778 0.021889
