0 0.569444 0.472350 0.009722 0.010369
0 0.576389 0.299539 0.016667 0.012673
0 0.513889 0.391705 0.013889 0.011521
0 0.597222 0.460829 0.012500 0.009217
0 0.409722 0.529954 0.012500 0.010369
0 0.687500 0.495392 0.013889 0.014977
0 0.376389 0.187788 0.026389 0.020737
0 0.597222 0.599078 0.019444 0.014977
0 0.426389 0.206221 0.016667 0.016129
0 0.447222 0.413594 0.022222 0.017281
0 0.822222 0.255760 0.023611 0.020737
0 0.340278 0.298387 0.022222 0.021889
0 0.469444 0.201613 0.020833 0.020737
0 0.565278 0.390553 0.023611 0.024194
0 0.591667 0.457373 0.026389 0.021889
