0 0.569444 0.472350 0.013889 0.010369
0 0.576389 0.299539 0.016667 0.010369
0 0.513889 0.391705 0.013889 0.012673
0 0.597222 0.460829 0.015278 0.009217
0 0.409722 0.529954 0.012500 0.009217
0 0.687500 0.495392 0.015278 0.011521
0 0.387500 0.144009 0.018056 0.011521
0 0.427778 0.124424 0.020833 0.023041
0 0.479167 0.206221 0.022222 0.021889
0 0.455556 0.369816 0.026389 0.020737
0 0.720833 0.186636 0.018056 0.013825
0 0.373611 0.192396 0.022222 0.018433
0 0.719444 0.389401 0.019444 0.020737
0 0.409722 0.162442 0.016667 0.014977
0 0.443056 0.125576 0.019444 0.016129
