0 0.569444 0.472350 0.013889 0.011521
0 0.576389 0.299539 0.015278 0.012673
0 0.513889 0.391705 0.013889 0.010369
0 0.597222 0.460829 0.012500 0.011521
0 0.409722 0.529954 0.012500 0.009217
0 0.687500 0.495392 0.013889 0.012673
0 0.431944 0.117512 0.020833 0.018433
0 0.487500 0.206221 0.019444 0.016129
0 0.456944 0.362903 0.023611 0.021889
0 0.704167 0.175115 0.020833 0.019585
0 0.379167 0.176267 0.020833 0.018433
0 0.700000 0.382488 0.022222 0.020737
0 0.384722 0.125576 0.016667 0.016129
0 0.406944 0.154378 0.022222 0.019585
