0 0.569444 0.472350 0.012500 0.011521
0 0.576389 0.299539 0.016667 0.011521
0 0.513889 0.391705 0.013889 0.012673
0 0.597222 0.460829 0.016667 0.012673
0 0.409722 0.529954 0.012500 0.010369
0 0.687500 0.495392 0.013889 0.010369
0 0.433333 0.116359 0.020833 0.017281
0 0.490278 0.206221 0.019444 0.018433
0 0.456944 0.360599 0.020833 0.025346
0 0.698611 0.171659 0.019444 0.018433
0 0.380556 0.170507 0.020833 0.017281
0 0.694444 0.380184 0.018056 0.017281
0 0.376389 0.114055 0.020833 0.020737
0 0.395833 0.164747 0.023611 0.023041
