0 0.569444 0.472350 0.013889 0.012673
0 0.576389 0.299539 0.013889 0.008065
0 0.513889 0.391705 0.011111 0.011521
0 0.597222 0.460829 0.012500 0.009217
0 0.409722 0.529954 0.015278 0.012673
0 0.687500 0.495392 0.013889 0.012673
0 0.381944 0.167051 0.020833 0.018433
0 0.602778 0.619816 0.019444 0.017281
0 0.451389 0.206221 0.016667 0.012673
0 0.451389 0.392857 0.029167 0.035714
0 0.773611 0.222350 0.019444 0.018433
0 0.355556 0.248848 0.020833 0.020737
0 0.437500 0.246544 0.025000 0.021889
0 0.781944 0.412442 0.016667 0.013825
0 0.491667 0.282258 0.023611 0.025346
0 0.481944 0.130184 0.026389 0.026498
0 0.441667 0.459677 0.027778 0.021889
