0 0.569444 0.472350 0.015278 0.012673
0 0.576389 0.299539 0.013889 0.011521
0 0.513889 0.391705 0.012500 0.012673
0 0.597222 0.460829 0.016667 0.009217
0 0.409722 0.529954 0.013889 0.010369
0 0.687500 0.495392 0.013889 0.008065
0 0.375000 0.192396 0.022222 0.019585
0 0.595833 0.594470 0.025000 0.026498
0 0.420833 0.206221 0.019444 0.018433
0 0.445833 0.418203 0.022222 0.021889
0 0.337500 0.309908 0.016667 0.014977
0 0.476389 0.191244 0.019444 0.016129
0 0.581944 0.414747 0.020833 0.018433
0 0.625000 0.457373 0.022222 0.018433
