0 0.569444 0.472350 0.012500 0.009217
0 0.576389 0.299539 0.013889 0.011521
0 0.513889 0.391705 0.012500 0.010369
0 0.597222 0.460829 0.013889 0.010369
0 0.409722 0.529954 0.013889 0.010369
0 0.687500 0.495392 0.011111 0.009217
0 0.373611 0.195853 0.020833 0.019585
0 0.594444 0.591014 0.022222 0.024194
0 0.415278 0.206221 0.020833 0.019585
0 0.444444 0.422811 0.026389 0.024194
0 0.333333 0.321429 0.022222 0.021889
0 0.483333 0.182028 0.019444 0.017281
0 0.598611 0.438940 0.016667 0.014977
0 0.658333 0.456221 0.020833 0.019585
