0 0.569444 0.472350 0.013889 0.010369
0 0.576389 0.299539 0.012500 0.009217
0 0.513889 0.391705 0.011111 0.011521
0 0.597222 0.460829 0.016667 0.010369
0 0.409722 0.529954 0.012500 0.010369
0 0.687500 0.495392 0.015278 0.012673
0 0.386111 0.146313 0.026389 0.023041
0 0.426389 0.125576 0.016667 0.017281
0 0.476389 0.206221 0.018056 0.016129
0 0.454167 0.372120 0.022222 0.021889
0 0.725000 0.190092 0.022222 0.017281
0 0.372222 0.198157 0.020833 0.017281
0 0.725000 0.391705 0.023611 0.024194
0 0.418056 0.173963 0.022222 0.024194
0 0.455556 0.116359 0.016667 0.014977
