0 0.569444 0.472350 0.013889 0.010369
0 0.576389 0.299539 0.012500 0.009217
0 0.513889 0.391705 0.013889 0.010369
0 0.597222 0.460829 0.012500 0.009217
0 0.409722 0.529954 0.015278 0.010369
0 0.687500 0.495392 0.013889 0.010369
0 0.377778 0.180876 0.020833 0.018433
0 0.598611 0.605991 0.022222 0.025346
0 0.434722 0.206221 0.019444 0.018433
0 0.448611 0.406682 0.020833 0.018433
0 0.805556 0.244240 0.015278 0.017281
0 0.345833 0.282258 0.018056 0.019585
0 0.458333 0.216590 0.020833 0.018433
0 0.541667 0.354839 0.020833 0.020737
0 0.541667 0.458525 0.022222 0.018433
