0 0.569444 0.472350 0.012500 0.010369
0 0.576389 0.299539 0.012500 0.011521
0 0.513889 0.391705 0.011111 0.012673
0 0.597222 0.460829 0.012500 0.010369
0 0.409722 0.529954 0.015278 0.013825
0 0.687500 0.495392 0.013889 0.010369
0 0.377778 0.183180 0.016667 0.018433
0 0.598611 0.603687 0.020833 0.020737
0 0.431944 0.206221 0.020833 0.018433
0 0.447222 0.408986 0.018056 0.021889
0 0.811111 0.248848 0.016667 0.016129
0 0.344444 0.288018 0.020833 0.019585
0 0.461111 0.210829 0.020833 0.017281
0 0.550000 0.366359 0.020833 0.024194
0 0.558333 0.458525 0.022222 0.020737
