0 0.569444 0.472350 0.015278 0.012673
0 0.576389 0.299539 0.015278 0.010369
0 0.513889 0.391705 0.012500 0.009217
0 0.597222 0.460829 0.013889 0.008065
0 0.409722 0.529954 0.013889 0.012673
0 0.687500 0.495392 0.015278 0.009217
0 0.376389 0.190092 0.020833 0.024194
0 0.597222 0.596774 0.020833 0.019585
0 0.423611 0.206221 0.020833 0.020737
0 0.445833 0.415899 0.018056 0.019585
0 0.338889 0.304147 0.018056 0.016129
0 0.472222 0.197005 0.019444 0.019585
0 0.573611 0.403226 0.020833 0.017281
0 0.608333 0.457373 0.025000 0.020737
