0 0.569444 0.472350 0.013889 0.012673
0 0.576389 0.299539 0.012500 0.010369
0 0.513889 0.391705 0.013889 0.009217
0 0.597222 0.460829 0.015278 0.013825
0 0.409722 0.529954 0.012500 0.010369
0 0.687500 0.495392 0.013889 0.011521
0 0.384722 0.155530 0.019444 0.020737
0 0.606944 0.631336 0.020833 0.019585
0 0.465278 0.206221 0.018056 0.012673
0 0.452778 0.381336 0.027778 0.019585
0 0.747222 0.205069 0.023611 0.023041
0 0.697222 0.743088 0.026389 0.026498
0 0.365278 0.221198 0.019444 0.018433
0 0.419444 0.270737 0.022222 0.017281
0 0.751389 0.400922 0.015278 0.017281
0 0.451389 0.222350 0.023611 0.024194
0 0.398611 0.131336 0.016667 0.014977
