# Time[hours] T_5L T_10L T_15L Q_5L Q_10L Q_15L
0.00 90.00 90.00 90.00 93.6 93.6 93.6
0.17 87.38 88.67 89.11 89.1 91.3 92.1
0.33 84.88 87.38 88.24 84.9 89.1 90.6
0.50 82.49 86.11 87.38 81.0 87.0 89.1
0.67 80.22 84.88 86.53 77.3 84.9 87.7
0.83 78.05 83.68 85.70 73.8 82.9 86.3
1.00 75.98 82.50 84.88 70.5 81.0 84.9
1.17 73.99 81.35 84.08 67.4 79.1 83.6
1.33 72.10 80.23 83.28 64.5 77.3 82.3
1.50 70.29 79.13 82.50 61.7 75.5 81.0
1.67 68.55 78.06 81.73 59.1 73.8 79.7
1.83 66.89 77.01 80.98 56.6 72.2 78.5
2.00 65.30 75.99 80.23 54.3 70.5 77.3
2.17 63.77 74.99 79.50 52.1 69.0 76.1
2.33 62.30 74.01 78.78 50.0 67.4 75.0
2.50 60.90 73.05 78.07 48.0 66.0 73.8
2.67 59.54 72.12 77.36 46.1 64.5 72.7
2.83 58.25 71.20 76.67 44.3 63.1 71.6
3.00 57.00 70.31 75.99 42.5 61.8 70.5
3.17 55.80 69.43 75.33 40.9 60.4 69.5
3.33 54.65 68.57 74.67 39.4 59.2 68.5
3.50 53.54 67.73 74.02 37.9 57.9 67.5
3.67 52.47 66.91 73.38 36.4 56.7 66.5
3.83 51.45 66.10 72.74 35.1 55.5 65.5
4.00 50.46 65.32 72.12 33.8 54.3 64.5
4.17 49.50 64.54 71.51 32.6 53.2 63.6
4.33 48.59 63.79 70.91 31.4 52.1 62.7
4.50 47.70 63.05 70.31 30.3 51.0 61.8
4.67 46.85 62.32 69.73 29.2 50.0 60.9
4.83 46.02 61.61 69.15 28.1 49.0 60.0
5.00 45.23 60.92 68.58 27.2 48.0 59.2
5.17 44.46 60.24 68.02 26.2 47.0 58.3
5.33 43.72 59.57 67.46 25.3 46.1 57.5
5.50 43.01 58.91 66.92 24.4 45.2 56.7
5.67 42.32 58.27 66.38 23.6 44.3 55.9
5.83 41.66 57.64 65.85 22.8 43.4 55.1
6.00 41.01 57.02 65.32 22.0 42.6 54.3
6.17 40.39 56.42 64.81 21.3 41.8 53.6
6.33 39.79 55.83 64.30 20.6 40.9 52.9
6.50 39.21 55.24 63.80 19.9 40.2 52.1
6.67 38.65 54.67 63.30 19.2 39.4 51.4
6.83 38.10 54.11 62.81 18.6 38.6 50.7
7.00 37.58 53.57 62.33 18.0 37.9 50.0
7.17 37.07 53.03 61.86 17.4 37.2 49.3
7.33 36.58 52.50 61.39 16.9 36.5 48.7
7.50 36.10 51.98 60.93 16.3 35.8 48.0
7.67 35.64 51.47 60.47 15.8 35.1 47.4
7.83 35.19 50.97 60.02 15.3 34.5 46.7
8.00 34.76 50.48 59.58 14.8 33.8 46.1
8.17 34.34 50.00 59.14 14.3 33.2 45.5
8.33 33.94 49.53 58.71 13.9 32.6 44.9
8.50 33.54 49.07 58.28 13.5 32.0 44.3
8.67 33.16 48.61 57.86 13.0 31.4 43.7
8.83 32.79 48.16 57.44 12.6 30.8 43.2
9.00 32.44 47.73 57.03 12.3 30.3 42.6
9.17 32.09 47.29 56.63 11.9 29.7 42.0
9.33 31.76 46.87 56.23 11.5 29.2 41.5
9.50 31.43 46.46 55.83 11.2 28.7 41.0
9.67 31.11 46.05 55.45 10.8 28.2 40.4
9.83 30.81 45.65 55.06 10.5 27.7 39.9
10.00 30.51 45.25 54.68 10.2 27.2 39.4
10.17 30.22 44.87 54.31 9.9 26.7 38.9
10.33 29.94 44.49 53.94 9.6 26.2 38.4
10.50 29.67 44.12 53.57 9.3 25.8 37.9
10.67 29.41 43.75 53.21 9.0 25.3 37.4
10.83 29.15 43.39 52.86 8.8 24.9 37.0
11.00 28.90 43.03 52.51 8.5 24.5 36.5
11.17 28.66 42.69 52.16 8.3 24.0 36.0
11.33 28.43 42.34 51.82 8.0 23.6 35.6
11.50 28.20 42.01 51.48 7.8 23.2 35.1
11.67 27.98 41.68 51.15 7.6 22.8 34.7
11.83 27.77 41.35 50.82 7.3 22.4 34.3
12.00 27.56 41.03 50.49 7.1 22.1 33.8
12.17 27.36 40.72 50.17 6.9 21.7 33.4
12.33 27.16 40.41 49.85 6.7 21.3 33.0
12.50 26.97 40.11 49.54 6.5 21.0 32.6
12.67 26.79 39.81 49.23 6.4 20.6 32.2
12.83 26.61 39.52 48.92 6.2 20.3 31.8
13.00 26.43 39.23 48.62 6.0 19.9 31.4
13.17 26.26 38.95 48.32 5.8 19.6 31.0
13.33 26.10 38.67 48.03 5.7 19.3 30.7
13.50 25.94 38.39 47.73 5.5 18.9 30.3
13.67 25.78 38.12 47.45 5.4 18.6 29.9
13.83 25.63 37.86 47.16 5.2 18.3 29.6
14.00 25.48 37.60 46.88 5.1 18.0 29.2
14.17 25.34 37.34 46.60 4.9 17.7 28.9
14.33 25.20 37.09 46.33 4.8 17.4 28.5
14.50 25.07 36.84 46.06 4.7 17.2 28.2
14.67 24.93 36.60 45.79 4.5 16.9 27.9
14.83 24.81 36.36 45.52 4.4 16.6 27.5
15.00 24.68 36.12 45.26 4.3 16.3 27.2
15.17 24.56 35.89 45.00 4.2 16.1 26.9
15.33 24.44 35.66 44.75 4.0 15.8 26.6
15.50 24.33 35.43 44.50 3.9 15.6 26.2
15.67 24.22 35.21 44.25 3.8 15.3 25.9
15.83 24.11 35.00 44.00 3.7 15.1 25.6
16.00 24.00 34.78 43.76 3.6 14.8 25.3
16.17 23.90 34.57 43.52 3.5 14.6 25.0
16.33 23.80 34.36 43.28 3.4 14.4 24.8
16.50 23.70 34.16 43.04 3.3 14.1 24.5
16.67 23.61 33.96 42.81 3.2 13.9 24.2
16.83 23.52 33.76 42.58 3.2 13.7 23.9
17.00 23.43 33.56 42.35 3.1 13.5 23.6
17.17 23.34 33.37 42.13 3.0 13.3 23.4
17.33 23.25 33.18 41.91 2.9 13.1 23.1
17.50 23.17 33.00 41.69 2.8 12.9 22.8
17.67 23.09 32.81 41.47 2.8 12.7 22.6
17.83 23.01 32.63 41.25 2.7 12.5 22.3
18.00 22.94 32.46 41.04 2.6 12.3 22.1
18.17 22.86 32.28 40.83 2.5 12.1 21.8
18.33 22.79 32.11 40.63 2.5 11.9 21.6
18.50 22.72 31.94 40.42 2.4 11.7 21.3
18.67 22.65 31.77 40.22 2.4 11.5 21.1
18.83 22.59 31.61 40.02 2.3 11.4 20.8
19.00 22.52 31.45 39.82 2.2 11.2 20.6
19.17 22.46 31.29 39.62 2.2 11.0 20.4
19.33 22.40 31.13 39.43 2.1 10.9 20.2
19.50 22.34 30.98 39.24 2.1 10.7 19.9
19.67 22.28 30.82 39.05 2.0 10.5 19.7
19.83 22.22 30.67 38.86 2.0 10.4 19.5
20.00 22.16 30.53 38.68 1.9 10.2 19.3
20.17 22.11 30.38 38.49 1.9 10.1 19.1
20.33 22.06 30.24 38.31 1.8 9.9 18.8
20.50 22.01 30.10 38.13 1.8 9.8 18.6
20.67 21.96 29.96 37.95 1.7 9.6 18.4
20.83 21.91 29.82 37.78 1.7 9.5 18.2
21.00 21.86 29.69 37.61 1.6 9.3 18.0
21.17 21.81 29.55 37.43 1.6 9.2 17.8
21.33 21.77 29.42 37.26 1.6 9.0 17.6
21.50 21.72 29.29 37.10 1.5 8.9 17.5
21.67 21.68 29.17 36.93 1.5 8.8 17.3
21.83 21.64 29.04 36.77 1.4 8.7 17.1
22.00 21.60 28.92 36.60 1.4 8.5 16.9
22.17 21.56 28.80 36.44 1.4 8.4 16.7
22.33 21.52 28.68 36.29 1.3 8.3 16.5
22.50 21.48 28.56 36.13 1.3 8.2 16.3
22.67 21.44 28.44 35.97 1.3 8.0 16.2
22.83 21.41 28.33 35.82 1.2 7.9 16.0
23.00 21.37 28.22 35.67 1.2 7.8 15.8
23.17 21.34 28.11 35.52 1.2 7.7 15.7
23.33 21.30 28.00 35.37 1.1 7.6 15.5
23.50 21.27 27.89 35.22 1.1 7.5 15.3
23.67 21.24 27.78 35.07 1.1 7.4 15.2
23.83 21.21 27.68 34.93 1.1 7.3 15.0
24.00 21.18 27.57 34.79 1.0 7.1 14.8
