0 0.416667 0.506912 0.015278 0.012673
0 0.590278 0.552995 0.011111 0.012673
0 0.562500 0.391705 0.012500 0.011521
0 0.902778 0.898618 0.015278 0.011521
0 0.722222 0.576037 0.015278 0.012673
0 0.513889 0.506912 0.015278 0.011521
0 0.454167 0.200461 0.022222 0.025346
0 0.408333 0.306452 0.023611 0.023041
0 0.716667 0.216590 0.020833 0.017281
0 0.363889 0.494240 0.027778 0.024194
0 0.504167 0.471198 0.016667 0.017281
0 0.665278 0.486175 0.016667 0.016129
0 0.383333 0.225806 0.018056 0.013825
0 0.700000 0.367512 0.020833 0.020737
