0 0.416667 0.506912 0.013889 0.009217
0 0.590278 0.552995 0.013889 0.010369
0 0.562500 0.391705 0.013889 0.013825
0 0.902778 0.898618 0.012500 0.013825
0 0.722222 0.576037 0.013889 0.010369
0 0.513889 0.506912 0.015278 0.013825
0 0.461111 0.165899 0.022222 0.023041
0 0.415278 0.341014 0.026389 0.023041
0 0.684722 0.239631 0.018056 0.019585
0 0.858333 0.680876 0.020833 0.018433
0 0.362500 0.800691 0.020833 0.018433
0 0.602778 0.497696 0.025000 0.023041
0 0.561111 0.478111 0.022222 0.023041
0 0.491667 0.412442 0.018056 0.013825
0 0.493056 0.483871 0.015278 0.013825
