0 0.416667 0.506912 0.016667 0.010369
0 0.590278 0.552995 0.013889 0.010369
0 0.562500 0.391705 0.013889 0.009217
0 0.902778 0.898618 0.015278 0.010369
0 0.722222 0.576037 0.015278 0.010369
0 0.513889 0.506912 0.012500 0.010369
0 0.451389 0.213134 0.020833 0.019585
0 0.405556 0.293779 0.020833 0.017281
0 0.729167 0.207373 0.019444 0.017281
0 0.383333 0.463134 0.019444 0.018433
0 0.463889 0.459677 0.020833 0.020737
0 0.706944 0.489631 0.019444 0.016129
0 0.338889 0.150922 0.026389 0.021889
0 0.783333 0.321429 0.016667 0.014977
