0 0.416667 0.506912 0.013889 0.009217
0 0.590278 0.552995 0.009722 0.010369
0 0.562500 0.391705 0.015278 0.013825
0 0.902778 0.898618 0.013889 0.010369
0 0.722222 0.576037 0.015278 0.012673
0 0.513889 0.506912 0.012500 0.010369
0 0.465278 0.145161 0.020833 0.019585
0 0.409722 0.097926 0.026389 0.020737
0 0.845833 0.142857 0.020833 0.023041
0 0.419444 0.361751 0.020833 0.017281
0 0.666667 0.253456 0.022222 0.018433
0 0.798611 0.697005 0.019444 0.017281
0 0.386111 0.752304 0.020833 0.018433
0 0.662500 0.513825 0.022222 0.020737
0 0.498611 0.473502 0.020833 0.018433
0 0.625000 0.138249 0.022222 0.017281
0 0.558333 0.524194 0.020833 0.018433
0 0.630556 0.155530 0.023611 0.023041
