0 0.416667 0.506912 0.012500 0.010369
0 0.590278 0.552995 0.015278 0.009217
0 0.562500 0.391705 0.015278 0.012673
0 0.902778 0.898618 0.013889 0.012673
0 0.722222 0.576037 0.013889 0.010369
0 0.513889 0.506912 0.013889 0.013825
0 0.450000 0.217742 0.019444 0.020737
0 0.404167 0.289171 0.018056 0.016129
0 0.733333 0.205069 0.026389 0.020737
0 0.390278 0.452765 0.018056 0.013825
0 0.450000 0.456221 0.020833 0.021889
0 0.720833 0.490783 0.020833 0.020737
0 0.325000 0.126728 0.022222 0.021889
0 0.811111 0.306452 0.020833 0.018433
