0 0.416667 0.506912 0.016667 0.012673
0 0.590278 0.552995 0.015278 0.011521
0 0.562500 0.391705 0.012500 0.010369
0 0.902778 0.898618 0.012500 0.010369
0 0.722222 0.576037 0.012500 0.012673
0 0.513889 0.506912 0.013889 0.011521
0 0.451389 0.208525 0.023611 0.021889
0 0.406944 0.297235 0.019444 0.016129
0 0.725000 0.210829 0.020833 0.017281
0 0.376389 0.473502 0.020833 0.016129
0 0.476389 0.464286 0.020833 0.020737
0 0.693056 0.488479 0.020833 0.020737
0 0.354167 0.176267 0.018056 0.013825
0 0.755556 0.337558 0.022222 0.023041
