0 0.416667 0.506912 0.013889 0.009217
0 0.590278 0.552995 0.015278 0.011521
0 0.562500 0.391705 0.013889 0.012673
0 0.902778 0.898618 0.015278 0.009217
0 0.722222 0.576037 0.015278 0.011521
0 0.513889 0.506912 0.013889 0.010369
0 0.458333 0.182028 0.015278 0.013825
0 0.412500 0.324885 0.020833 0.020737
0 0.700000 0.229263 0.019444 0.018433
0 0.337500 0.534562 0.016667 0.019585
0 0.344444 0.838710 0.018056 0.019585
0 0.556944 0.485023 0.020833 0.020737
0 0.609722 0.481567 0.020833 0.020737
0 0.441667 0.324885 0.022222 0.021889
0 0.588889 0.429724 0.020833 0.024194
