0 0.416667 0.506912 0.015278 0.010369
0 0.590278 0.552995 0.012500 0.011521
0 0.562500 0.391705 0.015278 0.012673
0 0.902778 0.898618 0.013889 0.011521
0 0.722222 0.576037 0.015278 0.013825
0 0.513889 0.506912 0.013889 0.014977
0 0.450000 0.215438 0.019444 0.017281
0 0.405556 0.291475 0.026389 0.021889
0 0.730556 0.206221 0.026389 0.020737
0 0.386111 0.458525 0.023611 0.021889
0 0.456944 0.458525 0.020833 0.017281
0 0.713889 0.489631 0.023611 0.020737
0 0.331944 0.139401 0.020833 0.020737
0 0.797222 0.313364 0.016667 0.014977
