0 0.416667 0.506912 0.015278 0.011521
0 0.590278 0.552995 0.012500 0.010369
0 0.562500 0.391705 0.015278 0.010369
0 0.902778 0.898618 0.013889 0.009217
0 0.722222 0.576037 0.012500 0.010369
0 0.513889 0.506912 0.013889 0.012673
0 0.455556 0.191244 0.020833 0.017281
0 0.409722 0.315668 0.023611 0.019585
0 0.708333 0.223502 0.022222 0.018433
0 0.350000 0.513825 0.023611 0.021889
0 0.530556 0.478111 0.020833 0.020737
0 0.637500 0.483871 0.022222 0.018433
0 0.412500 0.275346 0.018056 0.018433
0 0.644444 0.398618 0.022222 0.018433
