0 0.416667 0.506912 0.013889 0.009217
0 0.590278 0.552995 0.015278 0.010369
0 0.562500 0.391705 0.012500 0.012673
0 0.902778 0.898618 0.015278 0.013825
0 0.722222 0.576037 0.013889 0.009217
0 0.513889 0.506912 0.013889 0.010369
0 0.465278 0.147465 0.025000 0.020737
0 0.409722 0.095622 0.025000 0.025346
0 0.844444 0.141705 0.018056 0.019585
0 0.419444 0.359447 0.023611 0.024194
0 0.668056 0.252304 0.018056 0.019585
0 0.804167 0.694700 0.020833 0.020737
0 0.383333 0.758065 0.026389 0.016129
0 0.655556 0.511521 0.022222 0.018433
0 0.505556 0.473502 0.022222 0.023041
0 0.550000 0.511521 0.020833 0.017281
0 0.629167 0.141705 0.020833 0.023041
