0 0.416667 0.506912 0.013889 0.010369
0 0.590278 0.552995 0.012500 0.013825
0 0.562500 0.391705 0.015278 0.011521
0 0.902778 0.898618 0.015278 0.011521
0 0.722222 0.576037 0.013889 0.012673
0 0.513889 0.506912 0.015278 0.011521
0 0.468056 0.135945 0.019444 0.016129
0 0.406944 0.107143 0.025000 0.020737
0 0.420833 0.370968 0.015278 0.012673
0 0.658333 0.260369 0.026389 0.021889
0 0.772222 0.703917 0.020833 0.020737
0 0.688889 0.520737 0.018056 0.017281
0 0.644444 0.085253 0.022222 0.018433
0 0.587500 0.573733 0.019444 0.016129
