0 0.416667 0.506912 0.013889 0.010369
0 0.590278 0.552995 0.015278 0.012673
0 0.562500 0.391705 0.012500 0.009217
0 0.902778 0.898618 0.013889 0.012673
0 0.722222 0.576037 0.012500 0.011521
0 0.513889 0.506912 0.015278 0.012673
0 0.458333 0.179724 0.018056 0.020737
0 0.412500 0.327189 0.018056 0.018433
0 0.697222 0.230415 0.020833 0.020737
0 0.334722 0.539171 0.019444 0.017281
0 0.347222 0.832949 0.023611 0.021889
0 0.562500 0.487327 0.020833 0.020737
0 0.602778 0.481567 0.023611 0.021889
0 0.448611 0.337558 0.020833 0.017281
0 0.575000 0.436636 0.020833 0.020737
