0 0.416667 0.506912 0.012500 0.010369
0 0.590278 0.552995 0.012500 0.010369
0 0.562500 0.391705 0.012500 0.013825
0 0.902778 0.898618 0.012500 0.010369
0 0.722222 0.576037 0.015278 0.012673
0 0.513889 0.506912 0.013889 0.011521
0 0.459722 0.170507 0.023611 0.024194
0 0.413889 0.336406 0.019444 0.016129
0 0.688889 0.237327 0.023611 0.017281
0 0.870833 0.677419 0.026389 0.020737
0 0.356944 0.811060 0.022222 0.026498
0 0.588889 0.494240 0.019444 0.017281
0 0.575000 0.479263 0.022222 0.021889
0 0.477778 0.387097 0.023611 0.019585
0 0.519444 0.467742 0.022222 0.020737
