0 0.416667 0.506912 0.015278 0.013825
0 0.590278 0.552995 0.015278 0.013825
0 0.562500 0.391705 0.012500 0.008065
0 0.902778 0.898618 0.013889 0.012673
0 0.722222 0.576037 0.012500 0.009217
0 0.513889 0.506912 0.012500 0.010369
0 0.462500 0.158986 0.020833 0.020737
0 0.833333 0.133641 0.020833 0.019585
0 0.416667 0.347926 0.022222 0.020737
0 0.679167 0.244240 0.018056 0.016129
0 0.837500 0.686636 0.022222 0.021889
0 0.370833 0.784562 0.019444 0.017281
0 0.622222 0.502304 0.018056 0.019585
0 0.540278 0.476959 0.022222 0.023041
0 0.513889 0.449309 0.023611 0.024194
