0 0.416667 0.506912 0.013889 0.010369
0 0.590278 0.552995 0.012500 0.010369
0 0.562500 0.391705 0.012500 0.012673
0 0.902778 0.898618 0.012500 0.012673
0 0.722222 0.576037 0.013889 0.013825
0 0.513889 0.506912 0.015278 0.011521
0 0.459722 0.175115 0.020833 0.019585
0 0.413889 0.331797 0.013889 0.013825
0 0.693056 0.233871 0.019444 0.017281
0 0.327778 0.549539 0.020833 0.018433
0 0.884722 0.673963 0.020833 0.020737
0 0.352778 0.822581 0.018056 0.017281
0 0.576389 0.490783 0.020833 0.016129
0 0.588889 0.480415 0.023611 0.020737
0 0.462500 0.362903 0.020833 0.024194
0 0.547222 0.452765 0.020833 0.017281
