0 0.416667 0.506912 0.016667 0.012673
0 0.590278 0.552995 0.013889 0.010369
0 0.562500 0.391705 0.012500 0.009217
0 0.902778 0.898618 0.012500 0.009217
0 0.722222 0.576037 0.013889 0.011521
0 0.513889 0.506912 0.013889 0.012673
0 0.455556 0.195853 0.023611 0.020737
0 0.409722 0.311060 0.022222 0.026498
0 0.712500 0.220046 0.020833 0.020737
0 0.356944 0.503456 0.023611 0.020737
0 0.516667 0.474654 0.025000 0.020737
0 0.651389 0.485023 0.020833 0.020737
0 0.397222 0.251152 0.023611 0.021889
0 0.672222 0.383641 0.022222 0.020737
