0 0.416667 0.506912 0.012500 0.009217
0 0.590278 0.552995 0.015278 0.012673
0 0.562500 0.391705 0.013889 0.009217
0 0.902778 0.898618 0.015278 0.010369
0 0.722222 0.576037 0.016667 0.012673
0 0.513889 0.506912 0.011111 0.011521
0 0.456944 0.188940 0.019444 0.018433
0 0.411111 0.317972 0.020833 0.018433
0 0.705556 0.224654 0.022222 0.021889
0 0.347222 0.519585 0.023611 0.019585
0 0.337500 0.853687 0.026389 0.021889
0 0.536111 0.479263 0.025000 0.023041
0 0.630556 0.483871 0.020833 0.017281
0 0.419444 0.288018 0.020833 0.018433
0 0.630556 0.406682 0.022222 0.027650
