0 0.416667 0.506912 0.013889 0.010369
0 0.590278 0.552995 0.015278 0.011521
0 0.562500 0.391705 0.012500 0.012673
0 0.902778 0.898618 0.016667 0.011521
0 0.722222 0.576037 0.015278 0.012673
0 0.513889 0.506912 0.011111 0.010369
0 0.455556 0.193548 0.020833 0.020737
0 0.409722 0.313364 0.023611 0.021889
0 0.709722 0.221198 0.016667 0.016129
0 0.354167 0.509217 0.019444 0.016129
0 0.523611 0.475806 0.020833 0.014977
0 0.644444 0.485023 0.020833 0.020737
0 0.404167 0.262673 0.018056 0.021889
0 0.658333 0.390553 0.026389 0.021889
