0 0.416667 0.506912 0.012500 0.010369
0 0.590278 0.552995 0.015278 0.010369
0 0.562500 0.391705 0.013889 0.011521
0 0.902778 0.898618 0.015278 0.010369
0 0.722222 0.576037 0.012500 0.010369
0 0.513889 0.506912 0.016667 0.011521
0 0.465278 0.149770 0.025000 0.018433
0 0.409722 0.093318 0.020833 0.020737
0 0.841667 0.140553 0.023611 0.024194
0 0.418056 0.357143 0.023611 0.024194
0 0.670833 0.251152 0.020833 0.023041
0 0.811111 0.693548 0.023611 0.018433
0 0.380556 0.762673 0.029167 0.024194
0 0.648611 0.510369 0.019444 0.020737
0 0.512500 0.474654 0.023611 0.024194
0 0.543056 0.500000 0.026389 0.023041
0 0.627778 0.127880 0.023611 0.019585
