0 0.416667 0.506912 0.011111 0.010369
0 0.590278 0.552995 0.011111 0.009217
0 0.562500 0.391705 0.012500 0.012673
0 0.902778 0.898618 0.011111 0.011521
0 0.722222 0.576037 0.015278 0.010369
0 0.513889 0.506912 0.015278 0.010369
0 0.452778 0.202765 0.022222 0.021889
0 0.408333 0.304147 0.020833 0.018433
0 0.718056 0.215438 0.013889 0.014977
0 0.366667 0.488479 0.020833 0.018433
0 0.497222 0.468894 0.023611 0.018433
0 0.672222 0.487327 0.025000 0.023041
0 0.376389 0.213134 0.020833 0.020737
0 0.713889 0.360599 0.016667 0.012673
