0 0.416667 0.506912 0.013889 0.009217
0 0.590278 0.552995 0.012500 0.009217
0 0.562500 0.391705 0.012500 0.010369
0 0.902778 0.898618 0.013889 0.011521
0 0.722222 0.576037 0.015278 0.013825
0 0.513889 0.506912 0.013889 0.009217
0 0.452778 0.206221 0.020833 0.023041
0 0.406944 0.299539 0.020833 0.019585
0 0.722222 0.211982 0.020833 0.020737
0 0.373611 0.478111 0.026389 0.020737
0 0.483333 0.465438 0.020833 0.020737
0 0.686111 0.488479 0.026389 0.021889
0 0.361111 0.188940 0.023611 0.020737
0 0.741667 0.344470 0.022222 0.017281
