0 0.416667 0.506912 0.011111 0.010369
0 0.590278 0.552995 0.013889 0.012673
0 0.562500 0.391705 0.012500 0.010369
0 0.902778 0.898618 0.015278 0.010369
0 0.722222 0.576037 0.012500 0.012673
0 0.513889 0.506912 0.012500 0.010369
0 0.452778 0.203917 0.015278 0.013825
0 0.406944 0.301843 0.025000 0.020737
0 0.720833 0.214286 0.022222 0.021889
0 0.369444 0.483871 0.020833 0.019585
0 0.490278 0.467742 0.019444 0.019585
0 0.679167 0.487327 0.019444 0.017281
0 0.368056 0.200461 0.020833 0.017281
0 0.727778 0.352535 0.022222 0.023041
