0 0.416667 0.506912 0.015278 0.012673
0 0.590278 0.552995 0.011111 0.011521
0 0.562500 0.391705 0.013889 0.012673
0 0.902778 0.898618 0.015278 0.010369
0 0.722222 0.576037 0.013889 0.012673
0 0.513889 0.506912 0.011111 0.011521
0 0.451389 0.210829 0.026389 0.020737
0 0.405556 0.294931 0.015278 0.013825
0 0.726389 0.209677 0.025000 0.023041
0 0.380556 0.468894 0.022222 0.017281
0 0.470833 0.461982 0.023611 0.023041
0 0.700000 0.488479 0.019444 0.018433
0 0.347222 0.163594 0.020833 0.020737
0 0.769444 0.329493 0.019444 0.017281
