0 0.416667 0.506912 0.013889 0.014977
0 0.590278 0.552995 0.015278 0.011521
0 0.562500 0.391705 0.013889 0.010369
0 0.902778 0.898618 0.015278 0.011521
0 0.722222 0.576037 0.013889 0.011521
0 0.513889 0.506912 0.015278 0.012673
0 0.463889 0.152074 0.020833 0.017281
0 0.411111 0.091014 0.023611 0.020737
0 0.840278 0.138249 0.018056 0.017281
0 0.418056 0.354839 0.020833 0.020737
0 0.672222 0.248848 0.026389 0.021889
0 0.818056 0.691244 0.019444 0.018433
0 0.377778 0.768433 0.022222 0.020737
0 0.641667 0.508065 0.023611 0.024194
0 0.519444 0.474654 0.023611 0.023041
0 0.536111 0.487327 0.018056 0.019585
0 0.626389 0.114055 0.020833 0.020737
