0 0.416667 0.506912 0.012500 0.009217
0 0.590278 0.552995 0.011111 0.009217
0 0.562500 0.391705 0.013889 0.012673
0 0.902778 0.898618 0.015278 0.012673
0 0.722222 0.576037 0.015278 0.011521
0 0.513889 0.506912 0.015278 0.010369
0 0.463889 0.156682 0.023611 0.023041
0 0.836111 0.135945 0.019444 0.020737
0 0.416667 0.350230 0.020833 0.017281
0 0.676389 0.246544 0.020833 0.020737
0 0.830556 0.687788 0.023611 0.020737
0 0.372222 0.778802 0.018056 0.016129
0 0.629167 0.504608 0.015278 0.012673
0 0.533333 0.475806 0.020833 0.020737
0 0.520833 0.461982 0.020833 0.020737
0 0.625000 0.086406 0.016667 0.019585
