0 0.416667 0.506912 0.015278 0.011521
0 0.590278 0.552995 0.015278 0.012673
0 0.562500 0.391705 0.015278 0.010369
0 0.902778 0.898618 0.015278 0.011521
0 0.722222 0.576037 0.011111 0.009217
0 0.513889 0.506912 0.013889 0.010369
0 0.466667 0.142857 0.025000 0.020737
0 0.408333 0.100230 0.020833 0.018433
0 0.848611 0.145161 0.022222 0.024194
0 0.419444 0.364055 0.020833 0.020737
0 0.663889 0.255760 0.019444 0.018433
0 0.791667 0.698157 0.019444 0.016129
0 0.388889 0.747696 0.019444 0.014977
0 0.668056 0.514977 0.022222 0.018433
0 0.491667 0.472350 0.022222 0.021889
0 0.630556 0.124424 0.018056 0.012673
0 0.565278 0.536866 0.020833 0.024194
