0 0.416667 0.506912 0.012500 0.010369
0 0.590278 0.552995 0.016667 0.011521
0 0.562500 0.391705 0.013889 0.009217
0 0.902778 0.898618 0.013889 0.012673
0 0.722222 0.576037 0.015278 0.009217
0 0.513889 0.506912 0.012500 0.013825
0 0.466667 0.138249 0.019444 0.018433
0 0.408333 0.104839 0.022222 0.017281
0 0.852778 0.148618 0.023611 0.023041
0 0.420833 0.368664 0.019444 0.018433
0 0.659722 0.258065 0.018056 0.019585
0 0.777778 0.701613 0.019444 0.016129
0 0.681944 0.518433 0.020833 0.017281
0 0.479167 0.472350 0.019444 0.017281
0 0.638889 0.097926 0.019444 0.017281
0 0.579167 0.562212 0.018056 0.019585
