0 0.416667 0.506912 0.013889 0.011521
0 0.590278 0.552995 0.015278 0.011521
0 0.562500 0.391705 0.015278 0.013825
0 0.902778 0.898618 0.013889 0.012673
0 0.722222 0.576037 0.013889 0.012673
0 0.513889 0.506912 0.011111 0.010369
0 0.462500 0.163594 0.022222 0.026498
0 0.829167 0.130184 0.020833 0.020737
0 0.415278 0.343318 0.023611 0.021889
0 0.683333 0.241935 0.019444 0.017281
0 0.851389 0.683180 0.020833 0.020737
0 0.365278 0.794931 0.023611 0.021889
0 0.609722 0.498848 0.022222 0.020737
0 0.554167 0.478111 0.020833 0.017281
0 0.500000 0.425115 0.027778 0.024194
