0 0.416667 0.506912 0.011111 0.010369
0 0.590278 0.552995 0.012500 0.009217
0 0.562500 0.391705 0.012500 0.010369
0 0.902778 0.898618 0.012500 0.009217
0 0.722222 0.576037 0.015278 0.012673
0 0.513889 0.506912 0.013889 0.012673
0 0.462500 0.161290 0.026389 0.024194
0 0.831944 0.132488 0.020833 0.020737
0 0.416667 0.345622 0.019444 0.018433
0 0.680556 0.243088 0.020833 0.020737
0 0.844444 0.684332 0.023611 0.019585
0 0.368056 0.790323 0.019444 0.017281
0 0.615278 0.501152 0.018056 0.019585
0 0.547222 0.476959 0.022222 0.018433
0 0.506944 0.437788 0.022222 0.024194
