0 0.416667 0.506912 0.013889 0.010369
0 0.590278 0.552995 0.012500 0.013825
0 0.562500 0.391705 0.013889 0.011521
0 0.902778 0.898618 0.011111 0.009217
0 0.722222 0.576037 0.013889 0.011521
0 0.513889 0.506912 0.013889 0.010369
0 0.466667 0.140553 0.020833 0.020737
0 0.408333 0.102535 0.023611 0.021889
0 0.850000 0.146313 0.019444 0.017281
0 0.420833 0.366359 0.018056 0.017281
0 0.662500 0.256912 0.020833 0.017281
0 0.784722 0.700461 0.025000 0.020737
0 0.675000 0.517281 0.019444 0.018433
0 0.484722 0.472350 0.026389 0.021889
0 0.634722 0.111751 0.015278 0.012673
0 0.572222 0.549539 0.023611 0.019585
