0 0.416667 0.506912 0.016667 0.011521
0 0.590278 0.552995 0.015278 0.011521
0 0.562500 0.391705 0.012500 0.013825
0 0.902778 0.898618 0.013889 0.010369
0 0.722222 0.576037 0.013889 0.010369
0 0.513889 0.506912 0.015278 0.012673
0 0.459722 0.172811 0.020833 0.019585
0 0.413889 0.334101 0.023611 0.020737
0 0.691667 0.235023 0.022222 0.021889
0 0.325000 0.555300 0.020833 0.020737
0 0.877778 0.676267 0.018056 0.017281
0 0.355556 0.816820 0.018056 0.016129
0 0.583333 0.491935 0.023611 0.021889
0 0.581944 0.480415 0.022222 0.024194
0 0.470833 0.375576 0.023611 0.019585
0 0.533333 0.459677 0.022222 0.021889
