0 0.416667 0.506912 0.013889 0.014977
0 0.590278 0.552995 0.013889 0.013825
0 0.562500 0.391705 0.013889 0.008065
0 0.902778 0.898618 0.015278 0.011521
0 0.722222 0.576037 0.012500 0.009217
0 0.513889 0.506912 0.013889 0.009217
0 0.463889 0.154378 0.027778 0.021889
0 0.411111 0.088710 0.022222 0.019585
0 0.837500 0.137097 0.022222 0.016129
0 0.418056 0.352535 0.026389 0.020737
0 0.675000 0.247696 0.026389 0.021889
0 0.825000 0.690092 0.022222 0.020737
0 0.375000 0.774194 0.023611 0.021889
0 0.636111 0.505760 0.022222 0.018433
0 0.526389 0.475806 0.020833 0.019585
0 0.529167 0.474654 0.020833 0.019585
0 0.625000 0.100230 0.020833 0.018433
