0 0.416667 0.506912 0.012500 0.010369
0 0.590278 0.552995 0.015278 0.011521
0 0.562500 0.391705 0.015278 0.010369
0 0.902778 0.898618 0.015278 0.012673
0 0.722222 0.576037 0.013889 0.013825
0 0.513889 0.506912 0.013889 0.012673
0 0.461111 0.168203 0.019444 0.018433
0 0.415278 0.338710 0.018056 0.013825
0 0.687500 0.238479 0.026389 0.025346
0 0.863889 0.679724 0.026389 0.021889
0 0.359722 0.806452 0.023611 0.024194
0 0.595833 0.495392 0.020833 0.025346
0 0.568056 0.479263 0.019444 0.014977
0 0.484722 0.399770 0.020833 0.019585
0 0.505556 0.475806 0.023611 0.023041
