0 0.416667 0.506912 0.013889 0.011521
0 0.590278 0.552995 0.015278 0.011521
0 0.562500 0.391705 0.015278 0.012673
0 0.902778 0.898618 0.016667 0.010369
0 0.722222 0.576037 0.013889 0.011521
0 0.513889 0.506912 0.015278 0.013825
0 0.454167 0.198157 0.026389 0.020737
0 0.408333 0.308756 0.016667 0.014977
0 0.713889 0.218894 0.025000 0.020737
0 0.359722 0.498848 0.033333 0.032258
0 0.509722 0.472350 0.022222 0.018433
0 0.658333 0.486175 0.019444 0.020737
0 0.390278 0.238479 0.026389 0.020737
0 0.686111 0.375576 0.020833 0.020737
