0 0.416667 0.506912 0.013889 0.012673
0 0.590278 0.552995 0.013889 0.013825
0 0.562500 0.391705 0.012500 0.009217
0 0.902778 0.898618 0.015278 0.009217
0 0.722222 0.576037 0.013889 0.011521
0 0.513889 0.506912 0.013889 0.013825
0 0.456944 0.184332 0.022222 0.017281
0 0.411111 0.322581 0.020833 0.021889
0 0.701389 0.228111 0.018056 0.019585
0 0.340278 0.528802 0.025000 0.019585
0 0.341667 0.843318 0.022222 0.018433
0 0.550000 0.482719 0.022222 0.019585
0 0.616667 0.482719 0.022222 0.026498
0 0.433333 0.313364 0.026389 0.020737
0 0.602778 0.421659 0.019444 0.016129
