0 0.416667 0.506912 0.012500 0.009217
0 0.590278 0.552995 0.012500 0.008065
0 0.562500 0.391705 0.016667 0.011521
0 0.902778 0.898618 0.015278 0.012673
0 0.722222 0.576037 0.012500 0.012673
0 0.513889 0.506912 0.012500 0.011521
0 0.456944 0.186636 0.026389 0.020737
0 0.411111 0.320276 0.022222 0.020737
0 0.704167 0.225806 0.026389 0.023041
0 0.344444 0.524194 0.025000 0.025346
0 0.338889 0.849078 0.020833 0.019585
0 0.543056 0.481567 0.022222 0.026498
0 0.623611 0.482719 0.020833 0.017281
0 0.426389 0.300691 0.022222 0.018433
0 0.616667 0.413594 0.023611 0.024194
