0 0.416667 0.506912 0.015278 0.010369
0 0.590278 0.552995 0.013889 0.012673
0 0.562500 0.391705 0.015278 0.011521
0 0.902778 0.898618 0.011111 0.010369
0 0.722222 0.576037 0.015278 0.012673
0 0.513889 0.506912 0.013889 0.010369
0 0.458333 0.177419 0.023611 0.021889
0 0.412500 0.329493 0.022222 0.027650
0 0.695833 0.232719 0.022222 0.019585
0 0.330556 0.544931 0.019444 0.019585
0 0.890278 0.672811 0.019444 0.018433
0 0.350000 0.827189 0.022222 0.019585
0 0.569444 0.488479 0.025000 0.021889
0 0.595833 0.480415 0.020833 0.019585
0 0.455556 0.350230 0.022222 0.026498
0 0.561111 0.444700 0.023611 0.021889
