0 0.548611 0.241935 0.012500 0.012673
0 0.715278 0.518433 0.015278 0.012673
0 0.548611 0.403226 0.015278 0.010369
0 0.576389 0.414747 0.012500 0.010369
0 0.493056 0.253456 0.015278 0.010369
0 0.458333 0.334101 0.015278 0.011521
0 0.652778 0.091014 0.020833 0.016129
0 0.458333 0.550691 0.026389 0.020737
0 0.425000 0.285714 0.020833 0.017281
0 0.594444 0.210829 0.020833 0.019585
0 0.463889 0.101382 0.020833 0.018433
0 0.816667 0.214286 0.026389 0.025346
0 0.405556 0.551843 0.019444 0.018433
0 0.645833 0.346774 0.020833 0.025346
0 0.538889 0.195853 0.023611 0.018433
0 0.768056 0.144009 0.019444 0.016129
