0 0.548611 0.241935 0.013889 0.011521
0 0.715278 0.518433 0.013889 0.012673
0 0.548611 0.403226 0.012500 0.010369
0 0.576389 0.414747 0.015278 0.009217
0 0.493056 0.253456 0.012500 0.009217
0 0.458333 0.334101 0.015278 0.011521
0 0.641667 0.092166 0.022222 0.016129
0 0.468056 0.548387 0.016667 0.017281
0 0.430556 0.293779 0.022222 0.023041
0 0.591667 0.233871 0.022222 0.026498
0 0.479167 0.119816 0.022222 0.020737
0 0.822222 0.236175 0.022222 0.021889
0 0.391667 0.571429 0.018056 0.014977
0 0.618056 0.349078 0.019444 0.017281
0 0.523611 0.250000 0.018056 0.017281
0 0.430556 0.267281 0.018056 0.016129
