0 0.548611 0.241935 0.015278 0.010369
0 0.715278 0.518433 0.012500 0.011521
0 0.548611 0.403226 0.016667 0.011521
0 0.576389 0.414747 0.013889 0.011521
0 0.493056 0.253456 0.013889 0.014977
0 0.458333 0.334101 0.012500 0.008065
0 0.581944 0.126728 0.020833 0.018433
0 0.441667 0.556452 0.020833 0.024194
0 0.416667 0.274194 0.019444 0.017281
0 0.600000 0.176267 0.022222 0.020737
0 0.808333 0.179724 0.020833 0.018433
0 0.427778 0.521889 0.019444 0.017281
0 0.562500 0.115207 0.023611 0.020737
0 0.669444 0.147465 0.025000 0.019585
