0 0.548611 0.241935 0.013889 0.012673
0 0.715278 0.518433 0.015278 0.011521
0 0.548611 0.403226 0.012500 0.013825
0 0.576389 0.414747 0.013889 0.010369
0 0.493056 0.253456 0.013889 0.009217
0 0.458333 0.334101 0.012500 0.012673
0 0.491667 0.099078 0.023611 0.023041
0 0.447222 0.554147 0.022222 0.018433
0 0.419444 0.277650 0.020833 0.016129
0 0.598611 0.187788 0.018056 0.017281
0 0.811111 0.191244 0.025000 0.024194
0 0.420833 0.532258 0.020833 0.017281
0 0.673611 0.345622 0.025000 0.024194
0 0.554167 0.141705 0.025000 0.020737
0 0.701389 0.146313 0.019444 0.020737
