0 0.548611 0.241935 0.012500 0.009217
0 0.715278 0.518433 0.012500 0.012673
0 0.548611 0.403226 0.012500 0.009217
0 0.576389 0.414747 0.015278 0.010369
0 0.493056 0.253456 0.015278 0.011521
0 0.458333 0.334101 0.012500 0.013825
0 0.470833 0.547235 0.020833 0.020737
0 0.431944 0.296083 0.018056 0.016129
0 0.591667 0.239631 0.018056 0.016129
0 0.483333 0.124424 0.023611 0.028802
0 0.823611 0.241935 0.019444 0.017281
0 0.387500 0.576037 0.026389 0.020737
0 0.611111 0.349078 0.020833 0.021889
0 0.519444 0.262673 0.026389 0.024194
0 0.418056 0.258065 0.020833 0.020737
