0 0.548611 0.241935 0.013889 0.010369
0 0.715278 0.518433 0.012500 0.010369
0 0.548611 0.403226 0.016667 0.011521
0 0.576389 0.414747 0.015278 0.012673
0 0.493056 0.253456 0.012500 0.010369
0 0.458333 0.334101 0.013889 0.011521
0 0.647222 0.091014 0.015278 0.012673
0 0.462500 0.549539 0.020833 0.017281
0 0.427778 0.290323 0.020833 0.018433
0 0.593056 0.222350 0.019444 0.016129
0 0.470833 0.110599 0.018056 0.018433
0 0.819444 0.225806 0.015278 0.013825
0 0.398611 0.561060 0.018056 0.019585
0 0.631944 0.347926 0.026389 0.021889
0 0.530556 0.222350 0.022222 0.018433
0 0.801389 0.144009 0.020833 0.019585
