0 0.548611 0.241935 0.013889 0.010369
0 0.715278 0.518433 0.012500 0.010369
0 0.548611 0.403226 0.015278 0.011521
0 0.576389 0.414747 0.015278 0.013825
0 0.493056 0.253456 0.015278 0.013825
0 0.458333 0.334101 0.012500 0.010369
0 0.473611 0.546083 0.026389 0.021889
0 0.433333 0.297235 0.023611 0.023041
0 0.590278 0.245392 0.020833 0.017281
0 0.486111 0.129032 0.018056 0.019585
0 0.825000 0.247696 0.020833 0.020737
0 0.383333 0.580645 0.019444 0.020737
0 0.604167 0.349078 0.023611 0.023041
0 0.372222 0.147465 0.015278 0.012673
0 0.515278 0.276498 0.018056 0.017281
0 0.405556 0.248848 0.020833 0.020737
