0 0.548611 0.241935 0.011111 0.011521
0 0.715278 0.518433 0.012500 0.010369
0 0.548611 0.403226 0.011111 0.010369
0 0.576389 0.414747 0.012500 0.010369
0 0.493056 0.253456 0.016667 0.011521
0 0.458333 0.334101 0.015278 0.011521
0 0.493056 0.096774 0.020833 0.016129
0 0.450000 0.552995 0.018056 0.019585
0 0.420833 0.279954 0.022222 0.021889
0 0.597222 0.193548 0.019444 0.016129
0 0.812500 0.197005 0.020833 0.017281
0 0.416667 0.536866 0.025000 0.025346
0 0.666667 0.345622 0.022222 0.021889
0 0.550000 0.155530 0.019444 0.018433
0 0.718056 0.145161 0.016667 0.014977
