0 0.548611 0.241935 0.013889 0.010369
0 0.715278 0.518433 0.013889 0.013825
0 0.548611 0.403226 0.013889 0.008065
0 0.576389 0.414747 0.015278 0.012673
0 0.493056 0.253456 0.012500 0.010369
0 0.458333 0.334101 0.013889 0.010369
0 0.491667 0.540323 0.020833 0.023041
0 0.444444 0.311060 0.018056 0.013825
0 0.584722 0.285714 0.016667 0.013825
0 0.513889 0.162442 0.020833 0.017281
0 0.358333 0.615207 0.025000 0.020737
0 0.555556 0.352535 0.020833 0.016129
0 0.483333 0.118664 0.022222 0.020737
0 0.487500 0.370968 0.018056 0.018433
0 0.318056 0.185484 0.022222 0.020737
