0 0.548611 0.241935 0.013889 0.013825
0 0.715278 0.518433 0.013889 0.012673
0 0.548611 0.403226 0.011111 0.012673
0 0.576389 0.414747 0.012500 0.009217
0 0.493056 0.253456 0.015278 0.010369
0 0.458333 0.334101 0.015278 0.012673
0 0.494444 0.094470 0.031944 0.031106
0 0.452778 0.552995 0.025000 0.025346
0 0.422222 0.282258 0.016667 0.013825
0 0.597222 0.199309 0.022222 0.024194
0 0.813889 0.202765 0.020833 0.020737
0 0.413889 0.541475 0.016667 0.014977
0 0.659722 0.346774 0.018056 0.014977
0 0.545833 0.169355 0.022222 0.026498
0 0.734722 0.145161 0.020833 0.016129
