0 0.548611 0.241935 0.012500 0.009217
0 0.715278 0.518433 0.011111 0.011521
0 0.548611 0.403226 0.013889 0.013825
0 0.576389 0.414747 0.012500 0.010369
0 0.493056 0.253456 0.015278 0.012673
0 0.458333 0.334101 0.012500 0.012673
0 0.650000 0.091014 0.018056 0.016129
0 0.459722 0.550691 0.020833 0.018433
0 0.426389 0.288018 0.018056 0.016129
0 0.594444 0.216590 0.027778 0.021889
0 0.466667 0.105991 0.023611 0.023041
0 0.818056 0.220046 0.020833 0.018433
0 0.402778 0.556452 0.023611 0.023041
0 0.638889 0.347926 0.020833 0.017281
0 0.534722 0.209677 0.020833 0.019585
0 0.784722 0.144009 0.020833 0.017281
