0 0.548611 0.241935 0.011111 0.011521
0 0.715278 0.518433 0.013889 0.009217
0 0.548611 0.403226 0.015278 0.012673
0 0.576389 0.414747 0.015278 0.012673
0 0.493056 0.253456 0.013889 0.008065
0 0.458333 0.334101 0.015278 0.012673
0 0.479167 0.544931 0.020833 0.018433
0 0.436111 0.301843 0.022222 0.021889
0 0.588889 0.256912 0.022222 0.024194
0 0.494444 0.139401 0.016667 0.013825
0 0.376389 0.591014 0.022222 0.018433
0 0.590278 0.350230 0.018056 0.013825
0 0.402778 0.139401 0.020833 0.018433
0 0.506944 0.302995 0.016667 0.011521
0 0.380556 0.230415 0.022222 0.020737
