0 0.548611 0.241935 0.011111 0.010369
0 0.715278 0.518433 0.013889 0.013825
0 0.548611 0.403226 0.013889 0.012673
0 0.576389 0.414747 0.015278 0.011521
0 0.493056 0.253456 0.015278 0.011521
0 0.458333 0.334101 0.013889 0.012673
0 0.491667 0.101382 0.018056 0.019585
0 0.580556 0.124424 0.020833 0.018433
0 0.444444 0.555300 0.022222 0.021889
0 0.418056 0.276498 0.022222 0.021889
0 0.598611 0.182028 0.015278 0.014977
0 0.809722 0.185484 0.026389 0.021889
0 0.425000 0.527650 0.023611 0.021889
0 0.680556 0.345622 0.022222 0.019585
0 0.558333 0.129032 0.025000 0.021889
0 0.684722 0.146313 0.019444 0.018433
