0 0.548611 0.241935 0.015278 0.011521
0 0.715278 0.518433 0.013889 0.012673
0 0.548611 0.403226 0.015278 0.009217
0 0.576389 0.414747 0.011111 0.010369
0 0.493056 0.253456 0.015278 0.011521
0 0.458333 0.334101 0.011111 0.010369
0 0.486111 0.542627 0.022222 0.024194
0 0.441667 0.307604 0.023611 0.020737
0 0.586111 0.274194 0.019444 0.017281
0 0.505556 0.153226 0.023611 0.023041
0 0.365278 0.604839 0.022222 0.024194
0 0.569444 0.351382 0.020833 0.017281
0 0.451389 0.126728 0.023611 0.023041
0 0.495833 0.343318 0.022222 0.019585
0 0.343056 0.203917 0.018056 0.016129
