0 0.548611 0.241935 0.015278 0.012673
0 0.715278 0.518433 0.015278 0.013825
0 0.548611 0.403226 0.015278 0.011521
0 0.576389 0.414747 0.013889 0.012673
0 0.493056 0.253456 0.012500 0.010369
0 0.458333 0.334101 0.013889 0.010369
0 0.480556 0.543779 0.019444 0.020737
0 0.437500 0.304147 0.018056 0.021889
0 0.587500 0.262673 0.020833 0.018433
0 0.498611 0.144009 0.026389 0.020737
0 0.372222 0.595622 0.013889 0.014977
0 0.583333 0.350230 0.022222 0.025346
0 0.419444 0.134793 0.015278 0.013825
0 0.504167 0.316820 0.020833 0.018433
0 0.368056 0.221198 0.020833 0.017281
