0 0.548611 0.241935 0.013889 0.010369
0 0.715278 0.518433 0.016667 0.012673
0 0.548611 0.403226 0.013889 0.010369
0 0.576389 0.414747 0.013889 0.012673
0 0.493056 0.253456 0.015278 0.012673
0 0.458333 0.334101 0.012500 0.010369
0 0.476389 0.546083 0.022222 0.016129
0 0.434722 0.299539 0.020833 0.024194
0 0.588889 0.251152 0.019444 0.017281
0 0.490278 0.133641 0.020833 0.020737
0 0.380556 0.585253 0.022222 0.016129
0 0.597222 0.350230 0.019444 0.019585
0 0.387500 0.142857 0.016667 0.018433
0 0.511111 0.290323 0.018056 0.019585
0 0.393056 0.239631 0.018056 0.019585
