0 0.548611 0.241935 0.015278 0.013825
0 0.715278 0.518433 0.016667 0.011521
0 0.548611 0.403226 0.012500 0.010369
0 0.576389 0.414747 0.012500 0.011521
0 0.493056 0.253456 0.012500 0.011521
0 0.458333 0.334101 0.012500 0.009217
0 0.495833 0.092166 0.026389 0.021889
0 0.455556 0.551843 0.019444 0.016129
0 0.423611 0.284562 0.016667 0.019585
0 0.595833 0.205069 0.020833 0.020737
0 0.815278 0.208525 0.020833 0.020737
0 0.409722 0.547235 0.022222 0.025346
0 0.652778 0.346774 0.023611 0.018433
0 0.543056 0.182028 0.018056 0.016129
0 0.751389 0.145161 0.018056 0.016129
