0 0.548611 0.241935 0.015278 0.011521
0 0.715278 0.518433 0.011111 0.010369
0 0.548611 0.403226 0.015278 0.012673
0 0.576389 0.414747 0.012500 0.013825
0 0.493056 0.253456 0.015278 0.011521
0 0.458333 0.334101 0.013889 0.009217
0 0.494444 0.540323 0.018056 0.016129
0 0.445833 0.313364 0.022222 0.025346
0 0.583333 0.291475 0.026389 0.019585
0 0.518056 0.167051 0.020833 0.016129
0 0.354167 0.619816 0.020833 0.017281
0 0.548611 0.352535 0.020833 0.021889
0 0.498611 0.115207 0.020833 0.019585
0 0.483333 0.383641 0.022222 0.020737
0 0.305556 0.176267 0.029167 0.024194
