0 0.548611 0.241935 0.015278 0.011521
0 0.715278 0.518433 0.015278 0.011521
0 0.548611 0.403226 0.013889 0.011521
0 0.576389 0.414747 0.013889 0.010369
0 0.493056 0.253456 0.018056 0.010369
0 0.458333 0.334101 0.012500 0.011521
0 0.488889 0.541475 0.027778 0.024194
0 0.443056 0.309908 0.020833 0.017281
0 0.584722 0.279954 0.020833 0.021889
0 0.509722 0.157834 0.016667 0.013825
0 0.361111 0.610599 0.018056 0.018433
0 0.562500 0.351382 0.013889 0.016129
0 0.466667 0.123272 0.023611 0.020737
0 0.491667 0.357143 0.026389 0.020737
0 0.330556 0.194700 0.022222 0.020737
