0 0.548611 0.241935 0.012500 0.010369
0 0.715278 0.518433 0.011111 0.011521
0 0.548611 0.403226 0.013889 0.010369
0 0.576389 0.414747 0.013889 0.012673
0 0.493056 0.253456 0.015278 0.012673
0 0.458333 0.334101 0.013889 0.010369
0 0.497222 0.539171 0.026389 0.023041
0 0.447222 0.315668 0.022222 0.021889
0 0.583333 0.297235 0.020833 0.020737
0 0.522222 0.172811 0.020833 0.019585
0 0.350000 0.624424 0.022222 0.016129
0 0.541667 0.352535 0.018056 0.016129
0 0.515278 0.110599 0.022222 0.020737
0 0.480556 0.397465 0.026389 0.021889
