0 0.548611 0.241935 0.011111 0.012673
0 0.715278 0.518433 0.013889 0.012673
0 0.548611 0.403226 0.015278 0.011521
0 0.576389 0.414747 0.013889 0.009217
0 0.493056 0.253456 0.015278 0.011521
0 0.458333 0.334101 0.015278 0.011521
0 0.644444 0.092166 0.015278 0.013825
0 0.465278 0.548387 0.019444 0.011521
0 0.429167 0.291475 0.025000 0.019585
0 0.593056 0.228111 0.019444 0.016129
0 0.475000 0.115207 0.020833 0.020737
0 0.820833 0.231567 0.026389 0.021889
0 0.394444 0.565668 0.015278 0.012673
0 0.625000 0.347926 0.020833 0.024194
0 0.526389 0.236175 0.026389 0.021889
0 0.444444 0.276498 0.022222 0.024194
