0 0.548611 0.241935 0.013889 0.011521
0 0.715278 0.518433 0.013889 0.011521
0 0.548611 0.403226 0.013889 0.010369
0 0.576389 0.414747 0.013889 0.011521
0 0.493056 0.253456 0.013889 0.010369
0 0.458333 0.334101 0.012500 0.008065
0 0.483333 0.542627 0.019444 0.016129
0 0.438889 0.305300 0.020833 0.020737
0 0.587500 0.268433 0.020833 0.018433
0 0.502778 0.148618 0.023611 0.023041
0 0.369444 0.600230 0.016667 0.014977
0 0.576389 0.351382 0.020833 0.020737
0 0.434722 0.131336 0.027778 0.024194
0 0.500000 0.330645 0.022222 0.021889
0 0.355556 0.213134 0.022222 0.025346
