0 0.513889 0.541475 0.015278 0.012673
0 0.652778 0.414747 0.015278 0.013825
0 0.513889 0.506912 0.015278 0.013825
0 0.555556 0.322581 0.015278 0.013825
0 0.493056 0.241935 0.015278 0.012673
0 0.618056 0.299539 0.013889 0.009217
0 0.627778 0.193548 0.022222 0.023041
0 0.452778 0.436636 0.019444 0.017281
0 0.551389 0.465438 0.027778 0.027650
0 0.352778 0.642857 0.020833 0.020737
0 0.844444 0.692396 0.020833 0.017281
0 0.704167 0.521889 0.016667 0.018433
0 0.569444 0.616359 0.020833 0.019585
0 0.409722 0.104839 0.025000 0.020737
0 0.818056 0.570276 0.026389 0.021889
