0 0.513889 0.541475 0.012500 0.009217
0 0.652778 0.414747 0.012500 0.010369
0 0.513889 0.506912 0.012500 0.012673
0 0.555556 0.322581 0.015278 0.012673
0 0.493056 0.241935 0.013889 0.013825
0 0.618056 0.299539 0.015278 0.012673
0 0.306944 0.145161 0.022222 0.025346
0 0.623611 0.188940 0.025000 0.024194
0 0.458333 0.441244 0.026389 0.020737
0 0.559722 0.464286 0.019444 0.018433
0 0.347222 0.658986 0.019444 0.018433
0 0.865278 0.697005 0.023611 0.020737
0 0.684722 0.527650 0.022222 0.021889
0 0.550000 0.610599 0.025000 0.020737
0 0.768056 0.573733 0.020833 0.018433
