0 0.513889 0.541475 0.011111 0.011521
0 0.652778 0.414747 0.013889 0.012673
0 0.513889 0.506912 0.015278 0.010369
0 0.555556 0.322581 0.016667 0.011521
0 0.493056 0.241935 0.013889 0.013825
0 0.618056 0.299539 0.013889 0.011521
0 0.636111 0.203917 0.020833 0.016129
0 0.443056 0.427419 0.020833 0.019585
0 0.537500 0.467742 0.019444 0.018433
0 0.363889 0.615207 0.031944 0.031106
0 0.811111 0.684332 0.030556 0.025346
0 0.736111 0.512673 0.026389 0.025346
0 0.601389 0.626728 0.020833 0.021889
0 0.434722 0.170507 0.023611 0.023041
0 0.752778 0.086406 0.020833 0.021889
