0 0.513889 0.541475 0.015278 0.012673
0 0.652778 0.414747 0.015278 0.010369
0 0.513889 0.506912 0.013889 0.011521
0 0.555556 0.322581 0.015278 0.012673
0 0.493056 0.241935 0.011111 0.009217
0 0.618056 0.299539 0.013889 0.011521
0 0.313889 0.141705 0.018056 0.018433
0 0.618056 0.183180 0.025000 0.024194
0 0.463889 0.447005 0.022222 0.018433
0 0.568056 0.463134 0.020833 0.018433
0 0.288889 0.144009 0.025000 0.020737
0 0.340278 0.676267 0.022222 0.020737
0 0.884722 0.701613 0.023611 0.020737
0 0.663889 0.533410 0.019444 0.017281
0 0.530556 0.604839 0.026389 0.020737
