0 0.513889 0.541475 0.011111 0.012673
0 0.652778 0.414747 0.013889 0.008065
0 0.513889 0.506912 0.015278 0.013825
0 0.555556 0.322581 0.012500 0.010369
0 0.493056 0.241935 0.012500 0.010369
0 0.618056 0.299539 0.016667 0.011521
0 0.613889 0.177419 0.019444 0.016129
0 0.808333 0.320276 0.018056 0.018433
0 0.469444 0.451613 0.023611 0.023041
0 0.576389 0.461982 0.020833 0.017281
0 0.309722 0.146313 0.019444 0.018433
0 0.334722 0.692396 0.020833 0.020737
0 0.905556 0.707373 0.020833 0.017281
0 0.644444 0.539171 0.022222 0.021889
0 0.511111 0.599078 0.025000 0.028802
