0 0.513889 0.541475 0.016667 0.011521
0 0.652778 0.414747 0.012500 0.008065
0 0.513889 0.506912 0.015278 0.009217
0 0.555556 0.322581 0.013889 0.009217
0 0.493056 0.241935 0.013889 0.011521
0 0.618056 0.299539 0.012500 0.008065
0 0.641667 0.208525 0.026389 0.021889
0 0.437500 0.422811 0.022222 0.019585
0 0.529167 0.468894 0.020833 0.016129
0 0.369444 0.599078 0.015278 0.013825
0 0.791667 0.678571 0.022222 0.018433
0 0.756944 0.506912 0.023611 0.024194
0 0.448611 0.210829 0.019444 0.017281
0 0.488889 0.111751 0.020833 0.020737
0 0.793056 0.110599 0.018056 0.016129
