0 0.513889 0.541475 0.016667 0.009217
0 0.652778 0.414747 0.013889 0.011521
0 0.513889 0.506912 0.012500 0.009217
0 0.555556 0.322581 0.015278 0.013825
0 0.493056 0.241935 0.013889 0.011521
0 0.618056 0.299539 0.016667 0.009217
0 0.637500 0.205069 0.020833 0.020737
0 0.441667 0.426267 0.025000 0.024194
0 0.534722 0.467742 0.015278 0.017281
0 0.365278 0.609447 0.020833 0.018433
0 0.805556 0.682028 0.019444 0.018433
0 0.743056 0.510369 0.027778 0.032258
0 0.608333 0.627880 0.020833 0.020737
0 0.438889 0.184332 0.013889 0.013825
0 0.765278 0.094470 0.023611 0.021889
