0 0.513889 0.541475 0.015278 0.010369
0 0.652778 0.414747 0.012500 0.009217
0 0.513889 0.506912 0.012500 0.010369
0 0.555556 0.322581 0.015278 0.012673
0 0.493056 0.241935 0.012500 0.009217
0 0.618056 0.299539 0.015278 0.013825
0 0.644444 0.213134 0.020833 0.017281
0 0.434722 0.419355 0.020833 0.017281
0 0.523611 0.470046 0.022222 0.027650
0 0.373611 0.587558 0.026389 0.020737
0 0.777778 0.676267 0.023611 0.021889
0 0.769444 0.503456 0.020833 0.021889
0 0.458333 0.237327 0.026389 0.027650
0 0.519444 0.119816 0.019444 0.020737
