0 0.513889 0.541475 0.012500 0.009217
0 0.652778 0.414747 0.013889 0.008065
0 0.513889 0.506912 0.012500 0.009217
0 0.555556 0.322581 0.011111 0.010369
0 0.493056 0.241935 0.013889 0.011521
0 0.618056 0.299539 0.013889 0.008065
0 0.648611 0.218894 0.020833 0.020737
0 0.429167 0.413594 0.020833 0.020737
0 0.515278 0.471198 0.022222 0.023041
0 0.380556 0.571429 0.020833 0.017281
0 0.758333 0.670507 0.020833 0.018433
0 0.788889 0.497696 0.020833 0.019585
0 0.473611 0.276498 0.019444 0.017281
0 0.568056 0.132488 0.025000 0.023041
