0 0.513889 0.541475 0.013889 0.010369
0 0.652778 0.414747 0.015278 0.011521
0 0.513889 0.506912 0.015278 0.011521
0 0.555556 0.322581 0.013889 0.012673
0 0.493056 0.241935 0.012500 0.012673
0 0.618056 0.299539 0.013889 0.013825
0 0.643056 0.210829 0.020833 0.017281
0 0.436111 0.420507 0.019444 0.018433
0 0.526389 0.468894 0.018056 0.018433
0 0.372222 0.593318 0.020833 0.018433
0 0.784722 0.677419 0.016667 0.013825
0 0.762500 0.504608 0.022222 0.017281
0 0.454167 0.223502 0.018056 0.013825
0 0.504167 0.115207 0.020833 0.017281
0 0.805556 0.118664 0.025000 0.018433
