0 0.513889 0.541475 0.016667 0.012673
0 0.652778 0.414747 0.013889 0.013825
0 0.513889 0.506912 0.015278 0.010369
0 0.555556 0.322581 0.013889 0.012673
0 0.493056 0.241935 0.015278 0.011521
0 0.618056 0.299539 0.012500 0.010369
0 0.316667 0.140553 0.020833 0.020737
0 0.616667 0.180876 0.020833 0.016129
0 0.465278 0.448157 0.019444 0.016129
0 0.570833 0.463134 0.023611 0.021889
0 0.295833 0.144009 0.020833 0.019585
0 0.338889 0.680876 0.020833 0.018433
0 0.891667 0.703917 0.020833 0.020737
0 0.658333 0.535714 0.023611 0.021889
0 0.523611 0.602535 0.022222 0.018433
