0 0.513889 0.541475 0.013889 0.012673
0 0.652778 0.414747 0.013889 0.010369
0 0.513889 0.506912 0.013889 0.012673
0 0.555556 0.322581 0.012500 0.011521
0 0.493056 0.241935 0.011111 0.010369
0 0.618056 0.299539 0.015278 0.011521
0 0.309722 0.144009 0.026389 0.020737
0 0.622222 0.186636 0.020833 0.017281
0 0.459722 0.443548 0.020833 0.019585
0 0.562500 0.464286 0.022222 0.016129
0 0.344444 0.664747 0.023611 0.021889
0 0.872222 0.698157 0.020833 0.020737
0 0.677778 0.529954 0.015278 0.013825
0 0.543056 0.608295 0.022222 0.018433
0 0.751389 0.574885 0.016667 0.018433
