0 0.513889 0.541475 0.011111 0.011521
0 0.652778 0.414747 0.013889 0.012673
0 0.513889 0.506912 0.015278 0.010369
0 0.555556 0.322581 0.012500 0.012673
0 0.493056 0.241935 0.011111 0.012673
0 0.618056 0.299539 0.013889 0.014977
0 0.647222 0.216590 0.016667 0.017281
0 0.430556 0.415899 0.022222 0.023041
0 0.518056 0.470046 0.020833 0.020737
0 0.377778 0.577189 0.019444 0.016129
0 0.765278 0.672811 0.020833 0.018433
0 0.781944 0.500000 0.022222 0.027650
0 0.468056 0.263825 0.019444 0.016129
0 0.551389 0.127880 0.025000 0.025346
