0 0.513889 0.541475 0.015278 0.013825
0 0.652778 0.414747 0.013889 0.011521
0 0.513889 0.506912 0.012500 0.013825
0 0.555556 0.322581 0.012500 0.012673
0 0.493056 0.241935 0.015278 0.009217
0 0.618056 0.299539 0.011111 0.009217
0 0.612500 0.175115 0.020833 0.020737
0 0.808333 0.317972 0.022222 0.019585
0 0.470833 0.453917 0.023611 0.020737
0 0.579167 0.461982 0.019444 0.018433
0 0.316667 0.147465 0.022222 0.026498
0 0.331944 0.698157 0.020833 0.017281
0 0.638889 0.541475 0.031944 0.023041
0 0.504167 0.596774 0.022222 0.021889
