0 0.513889 0.541475 0.016667 0.011521
0 0.652778 0.414747 0.013889 0.011521
0 0.513889 0.506912 0.012500 0.009217
0 0.555556 0.322581 0.013889 0.012673
0 0.493056 0.241935 0.013889 0.010369
0 0.618056 0.299539 0.013889 0.010369
0 0.629167 0.195853 0.018056 0.016129
0 0.451389 0.434332 0.020833 0.018433
0 0.548611 0.466590 0.022222 0.021889
0 0.355556 0.637097 0.020833 0.020737
0 0.838889 0.690092 0.022222 0.017281
0 0.709722 0.520737 0.020833 0.020737
0 0.576389 0.618664 0.019444 0.018433
0 0.415278 0.117512 0.020833 0.019585
0 0.834722 0.569124 0.023611 0.023041
