0 0.513889 0.541475 0.015278 0.012673
0 0.652778 0.414747 0.013889 0.010369
0 0.513889 0.506912 0.015278 0.011521
0 0.555556 0.322581 0.013889 0.010369
0 0.493056 0.241935 0.013889 0.010369
0 0.618056 0.299539 0.015278 0.011521
0 0.631944 0.198157 0.020833 0.020737
0 0.448611 0.433180 0.025000 0.019585
0 0.545833 0.466590 0.020833 0.017281
0 0.356944 0.632488 0.026389 0.023041
0 0.831944 0.688940 0.018056 0.019585
0 0.716667 0.518433 0.023611 0.023041
0 0.581944 0.620968 0.029167 0.035714
0 0.419444 0.131336 0.016667 0.019585
0 0.851389 0.567972 0.026389 0.027650
