0 0.513889 0.541475 0.016667 0.011521
0 0.652778 0.414747 0.013889 0.012673
0 0.513889 0.506912 0.012500 0.010369
0 0.555556 0.322581 0.012500 0.013825
0 0.493056 0.241935 0.015278 0.009217
0 0.618056 0.299539 0.013889 0.012673
0 0.311111 0.142857 0.020833 0.019585
0 0.619444 0.184332 0.020833 0.019585
0 0.462500 0.444700 0.026389 0.020737
0 0.565278 0.464286 0.020833 0.024194
0 0.343056 0.670507 0.022222 0.019585
0 0.877778 0.700461 0.020833 0.023041
0 0.670833 0.531106 0.026389 0.021889
0 0.536111 0.607143 0.022222 0.019585
0 0.736111 0.576037 0.026389 0.020737
