0 0.513889 0.541475 0.013889 0.010369
0 0.652778 0.414747 0.012500 0.011521
0 0.513889 0.506912 0.012500 0.009217
0 0.555556 0.322581 0.012500 0.010369
0 0.493056 0.241935 0.015278 0.011521
0 0.618056 0.299539 0.015278 0.012673
0 0.634722 0.201613 0.022222 0.021889
0 0.445833 0.429724 0.019444 0.016129
0 0.540278 0.467742 0.019444 0.016129
0 0.361111 0.620968 0.016667 0.013825
0 0.818056 0.685484 0.018056 0.016129
0 0.730556 0.514977 0.022222 0.017281
0 0.595833 0.624424 0.022222 0.018433
0 0.429167 0.157834 0.019444 0.018433
0 0.884722 0.565668 0.020833 0.017281
