0 0.513889 0.541475 0.013889 0.008065
0 0.652778 0.414747 0.011111 0.010369
0 0.513889 0.506912 0.015278 0.011521
0 0.555556 0.322581 0.012500 0.011521
0 0.493056 0.241935 0.012500 0.014977
0 0.618056 0.299539 0.013889 0.009217
0 0.625000 0.190092 0.020833 0.019585
0 0.456944 0.440092 0.020833 0.020737
0 0.556944 0.465438 0.023611 0.017281
0 0.348611 0.654378 0.020833 0.020737
0 0.858333 0.695853 0.023611 0.021889
0 0.690278 0.525346 0.020833 0.023041
0 0.556944 0.612903 0.025000 0.026498
0 0.784722 0.572581 0.020833 0.021889
