0 0.513889 0.541475 0.013889 0.012673
0 0.652778 0.414747 0.015278 0.010369
0 0.513889 0.506912 0.013889 0.010369
0 0.555556 0.322581 0.012500 0.010369
0 0.493056 0.241935 0.016667 0.011521
0 0.618056 0.299539 0.013889 0.012673
0 0.633333 0.199309 0.022222 0.018433
0 0.447222 0.430876 0.018056 0.019585
0 0.543056 0.466590 0.016667 0.014977
0 0.359722 0.626728 0.019444 0.017281
0 0.825000 0.686636 0.018056 0.017281
0 0.723611 0.516129 0.026389 0.023041
0 0.588889 0.622120 0.019444 0.019585
0 0.425000 0.144009 0.019444 0.018433
0 0.868056 0.566820 0.020833 0.019585
