0 0.513889 0.541475 0.015278 0.013825
0 0.652778 0.414747 0.013889 0.011521
0 0.513889 0.506912 0.013889 0.012673
0 0.555556 0.322581 0.012500 0.013825
0 0.493056 0.241935 0.013889 0.010369
0 0.618056 0.299539 0.011111 0.009217
0 0.615278 0.178571 0.018056 0.017281
0 0.808333 0.322581 0.020833 0.023041
0 0.468056 0.450461 0.019444 0.016129
0 0.573611 0.463134 0.020833 0.019585
0 0.302778 0.145161 0.020833 0.018433
0 0.336111 0.686636 0.025000 0.021889
0 0.898611 0.705069 0.020833 0.018433
0 0.651389 0.536866 0.020833 0.017281
0 0.516667 0.600230 0.018056 0.017281
