0 0.513889 0.541475 0.013889 0.013825
0 0.652778 0.414747 0.013889 0.010369
0 0.513889 0.506912 0.015278 0.010369
0 0.555556 0.322581 0.015278 0.011521
0 0.493056 0.241935 0.013889 0.011521
0 0.618056 0.299539 0.013889 0.010369
0 0.645833 0.214286 0.018056 0.018433
0 0.431944 0.417051 0.019444 0.016129
0 0.520833 0.470046 0.018056 0.016129
0 0.376389 0.582949 0.019444 0.020737
0 0.772222 0.673963 0.019444 0.018433
0 0.776389 0.501152 0.020833 0.017281
0 0.463889 0.250000 0.019444 0.018433
0 0.536111 0.124424 0.019444 0.020737
