0 0.513889 0.541475 0.015278 0.012673
0 0.652778 0.414747 0.015278 0.012673
0 0.513889 0.506912 0.012500 0.009217
0 0.555556 0.322581 0.013889 0.011521
0 0.493056 0.241935 0.011111 0.011521
0 0.618056 0.299539 0.016667 0.011521
0 0.638889 0.207373 0.020833 0.017281
0 0.440278 0.423963 0.022222 0.023041
0 0.531944 0.468894 0.023611 0.024194
0 0.368056 0.604839 0.026389 0.021889
0 0.798611 0.680876 0.023611 0.023041
0 0.750000 0.509217 0.015278 0.013825
0 0.444444 0.197005 0.020833 0.018433
0 0.779167 0.102535 0.026389 0.020737
