0 0.513889 0.541475 0.013889 0.011521
0 0.652778 0.414747 0.013889 0.010369
0 0.513889 0.506912 0.012500 0.010369
0 0.555556 0.322581 0.012500 0.010369
0 0.493056 0.241935 0.012500 0.012673
0 0.618056 0.299539 0.015278 0.010369
0 0.626389 0.192396 0.022222 0.021889
0 0.454167 0.437788 0.020833 0.024194
0 0.554167 0.465438 0.015278 0.012673
0 0.351389 0.648618 0.016667 0.017281
0 0.851389 0.693548 0.020833 0.019585
0 0.697222 0.524194 0.020833 0.018433
0 0.562500 0.614055 0.022222 0.023041
0 0.405556 0.092166 0.018056 0.020737
0 0.801389 0.571429 0.020833 0.018433
