0 0.329956 0.702627 0.020278 0.017929
0 0.579300 0.691193 0.019113 0.012762
0 0.505909 0.631979 0.010697 0.007928
0 0.430251 0.814040 0.031412 0.012305
0 0.236791 0.583086 0.012186 0.024539
0 0.544059 0.606137 0.010760 0.009303
0 0.435717 0.575157 0.019525 0.018920
0 0.494883 0.561924 0.008204 0.008621
0 0.530048 0.760956 0.037531 0.013293
0 0.381490 0.525731 0.016968 0.024381
0 0.427027 0.461032 0.012353 0.012960
0 0.553134 0.712010 0.030007 0.015850
0 0.225430 0.261268 0.037773 0.041624
0 0.528369 0.699497 0.029253 0.013594
0 0.418614 0.591932 0.018077 0.017678
0 0.506073 0.610452 0.017223 0.011760
0 0.372058 0.600015 0.015908 0.017649
0 0.562675 0.545673 0.014509 0.015442
