0 0.329937 0.702643 0.021018 0.018810
0 0.579369 0.691410 0.020146 0.011868
0 0.505898 0.631929 0.012977 0.006876
0 0.430250 0.814100 0.028671 0.011699
0 0.236840 0.583081 0.012909 0.026835
0 0.544138 0.606390 0.010120 0.007716
0 0.432607 0.580168 0.021751 0.021244
0 0.498148 0.566409 0.008031 0.008821
0 0.542262 0.764265 0.038837 0.017771
0 0.381146 0.515036 0.013250 0.021072
0 0.514137 0.725720 0.032326 0.012828
0 0.271963 0.208283 0.045639 0.039363
0 0.553896 0.707820 0.021690 0.011847
0 0.440694 0.602438 0.017721 0.015209
0 0.454166 0.625019 0.024091 0.016724
0 0.385916 0.654055 0.023614 0.020401
0 0.424001 0.472077 0.012803 0.013290
