0 0.329937 0.702643 0.021018 0.018810
0 0.579283 0.691240 0.015337 0.010318
0 0.505863 0.631977 0.010596 0.005628
0 0.430251 0.814040 0.031412 0.012305
0 0.236783 0.583110 0.013283 0.024885
0 0.544038 0.606129 0.010319 0.008239
0 0.427534 0.587772 0.021477 0.020401
0 0.505410 0.572802 0.011498 0.009925
0 0.557673 0.769340 0.047013 0.020180
0 0.382575 0.497865 0.010084 0.019250
0 0.444012 0.731479 0.040998 0.019837
0 0.599003 0.711885 0.031403 0.020759
0 0.479433 0.609113 0.017135 0.012997
0 0.359364 0.595053 0.024304 0.029110
0 0.454152 0.733662 0.040899 0.018252
