0 0.329941 0.702628 0.023525 0.021174
0 0.579402 0.691483 0.017246 0.011549
0 0.505874 0.631954 0.011748 0.005678
0 0.430251 0.814040 0.031412 0.012305
0 0.237110 0.583007 0.013449 0.026982
0 0.544190 0.606379 0.012856 0.010609
0 0.430492 0.584241 0.015770 0.015132
0 0.501942 0.569841 0.009070 0.008845
0 0.549766 0.767508 0.031635 0.012416
0 0.381737 0.506437 0.009997 0.016102
0 0.479573 0.731353 0.030826 0.008379
0 0.318236 0.172302 0.035378 0.024491
0 0.576856 0.710250 0.038256 0.021880
0 0.460344 0.608093 0.019582 0.015557
0 0.407026 0.618813 0.026765 0.024436
0 0.414034 0.696941 0.034054 0.023779
0 0.438851 0.496541 0.010178 0.008653
