0 0.329704 0.702915 0.020378 0.018665
0 0.579256 0.691070 0.023674 0.013768
0 0.505923 0.631930 0.013033 0.008026
0 0.430200 0.814378 0.028571 0.011142
0 0.237018 0.583015 0.012004 0.022393
0 0.544040 0.606114 0.011244 0.008622
0 0.446011 0.560949 0.016102 0.016116
0 0.461674 0.568768 0.014330 0.013862
0 0.500000 0.747234 0.030735 0.008049
0 0.387989 0.556036 0.015029 0.018514
0 0.424230 0.512946 0.011082 0.010214
0 0.640986 0.636168 0.028046 0.028494
0 0.157564 0.457714 0.013132 0.042865
0 0.465248 0.661315 0.028002 0.017751
0 0.368762 0.529493 0.014920 0.024031
0 0.427116 0.487476 0.011339 0.011797
0 0.578863 0.657793 0.024515 0.018021
