0 0.329745 0.702857 0.023916 0.021633
0 0.579281 0.691213 0.017005 0.011009
0 0.505848 0.631953 0.011698 0.004528
0 0.430274 0.814094 0.028422 0.010575
0 0.236740 0.583112 0.012560 0.022588
0 0.544162 0.606385 0.011488 0.009163
0 0.424884 0.592619 0.021850 0.020458
0 0.510346 0.577022 0.009122 0.009047
0 0.570611 0.772062 0.033338 0.017454
0 0.384226 0.487377 0.014845 0.017566
0 0.397817 0.723679 0.035313 0.023136
0 0.630579 0.708687 0.035860 0.027159
0 0.502905 0.606913 0.013569 0.008389
0 0.311478 0.536966 0.014958 0.026678
0 0.523710 0.766426 0.040544 0.014337
