0 0.329897 0.702687 0.019991 0.018209
0 0.579389 0.691383 0.022256 0.013621
0 0.505841 0.631976 0.010546 0.004478
0 0.430249 0.814154 0.025930 0.011092
0 0.237018 0.583015 0.012004 0.022393
0 0.544138 0.606390 0.010120 0.007716
0 0.433615 0.579005 0.019039 0.018319
0 0.497532 0.565500 0.009262 0.010640
0 0.539707 0.763682 0.031556 0.015282
0 0.381557 0.516975 0.012427 0.016960
0 0.521879 0.723746 0.030317 0.013123
0 0.262906 0.217534 0.043649 0.038971
0 0.547955 0.705869 0.031750 0.019521
0 0.437026 0.600575 0.016552 0.014504
0 0.465434 0.623974 0.014211 0.011618
0 0.381672 0.643453 0.024629 0.022577
0 0.422225 0.464338 0.012792 0.014434
