0 0.329941 0.702628 0.023525 0.021174
0 0.579254 0.691173 0.018232 0.010635
0 0.505898 0.631929 0.012977 0.006876
0 0.430254 0.813974 0.034152 0.012911
0 0.236791 0.583086 0.012186 0.024539
0 0.544064 0.606123 0.011685 0.009685
0 0.422613 0.597151 0.020350 0.019325
0 0.514386 0.579276 0.013766 0.013390
0 0.578910 0.774152 0.038777 0.020247
0 0.385993 0.480597 0.012704 0.016645
0 0.362687 0.711068 0.043135 0.033579
0 0.520058 0.601652 0.014402 0.012575
0 0.292007 0.474149 0.013046 0.028450
0 0.587643 0.777200 0.038918 0.019676
