0 0.329962 0.702610 0.022785 0.020293
0 0.579402 0.691483 0.017246 0.011549
0 0.505874 0.631954 0.011748 0.005678
0 0.430224 0.814373 0.028322 0.010018
0 0.236783 0.583110 0.013283 0.024885
0 0.544139 0.606357 0.011975 0.008483
0 0.440886 0.567918 0.017001 0.016898
0 0.461675 0.560030 0.009254 0.009644
0 0.489954 0.554649 0.010485 0.012260
0 0.513597 0.753735 0.034011 0.013223
0 0.384199 0.541225 0.013142 0.017033
0 0.421204 0.488486 0.012640 0.014602
0 0.606231 0.676648 0.020518 0.016110
0 0.174578 0.361524 0.032984 0.058313
0 0.490176 0.682038 0.031154 0.012477
0 0.386724 0.563034 0.018818 0.021387
0 0.547159 0.558097 0.015682 0.015927
0 0.387648 0.525150 0.011811 0.014745
0 0.583188 0.600831 0.019194 0.017811
