0 0.329962 0.702610 0.022785 0.020293
0 0.579281 0.691213 0.017005 0.011009
0 0.505863 0.631977 0.010596 0.005628
0 0.430176 0.814437 0.026077 0.011659
0 0.236832 0.583107 0.014006 0.027181
0 0.544042 0.606097 0.012170 0.009004
0 0.425483 0.591936 0.017536 0.016199
0 0.509686 0.576486 0.011142 0.010359
0 0.568011 0.771822 0.033090 0.016624
0 0.383962 0.489606 0.009747 0.013928
0 0.408288 0.726461 0.029370 0.019452
0 0.623426 0.708960 0.043500 0.033373
0 0.498034 0.607733 0.015749 0.010030
0 0.319536 0.550295 0.015103 0.023100
0 0.506971 0.761592 0.030231 0.009977
