0 0.329897 0.702687 0.019991 0.018209
0 0.579300 0.691193 0.019113 0.012762
0 0.505898 0.631929 0.012977 0.006876
0 0.430250 0.814202 0.023189 0.010485
0 0.236783 0.583110 0.013283 0.024885
0 0.544038 0.606129 0.010319 0.008239
0 0.440212 0.568737 0.011876 0.011809
0 0.461375 0.559222 0.013577 0.013555
0 0.490424 0.555021 0.009875 0.011565
0 0.515865 0.754539 0.031730 0.011660
0 0.383532 0.539208 0.013281 0.017991
0 0.421398 0.485088 0.012206 0.012868
0 0.601209 0.682172 0.029430 0.023278
0 0.178559 0.349823 0.033741 0.057515
0 0.495034 0.684744 0.024856 0.010402
0 0.391040 0.566931 0.016582 0.019068
0 0.544899 0.565057 0.016624 0.015919
0 0.383613 0.533622 0.012660 0.017623
0 0.581131 0.593262 0.018609 0.017978
