0 0.329968 0.702592 0.025291 0.022656
0 0.579399 0.691454 0.018916 0.012240
0 0.505886 0.631978 0.010647 0.006778
0 0.430274 0.814094 0.028422 0.010575
0 0.237061 0.583012 0.012727 0.024688
0 0.544040 0.606114 0.011244 0.008622
0 0.442629 0.565939 0.013882 0.013871
0 0.461523 0.562648 0.009372 0.009727
0 0.511182 0.751538 0.033573 0.010628
0 0.385166 0.545486 0.015015 0.018619
0 0.421323 0.495637 0.009691 0.010184
0 0.616809 0.666630 0.027423 0.023282
0 0.167115 0.388348 0.023863 0.046723
0 0.482661 0.676775 0.025599 0.011532
0 0.380658 0.554664 0.017482 0.022001
0 0.549100 0.544247 0.011798 0.011755
0 0.397695 0.511849 0.008181 0.012398
0 0.583509 0.616975 0.015571 0.014098
