0 0.329997 0.702553 0.027057 0.024138
0 0.579302 0.691248 0.015777 0.011382
0 0.505874 0.631954 0.011748 0.005678
0 0.430250 0.814100 0.028671 0.011699
0 0.236832 0.583107 0.014006 0.027181
0 0.544138 0.606390 0.010120 0.007716
0 0.446835 0.560030 0.014979 0.014748
0 0.461963 0.569619 0.014921 0.014868
0 0.388958 0.558012 0.016235 0.019049
0 0.424848 0.516129 0.007863 0.009189
0 0.644236 0.629961 0.034738 0.036520
0 0.157357 0.469645 0.015069 0.048866
0 0.461684 0.658520 0.022784 0.013370
0 0.366355 0.523853 0.012145 0.019109
0 0.433446 0.484928 0.011598 0.011412
0 0.575856 0.665769 0.031804 0.021944
