0 0.329941 0.702628 0.023525 0.021174
0 0.579381 0.691475 0.016806 0.010485
0 0.505872 0.631928 0.012922 0.005727
0 0.430271 0.814149 0.025681 0.009968
0 0.236740 0.583112 0.012560 0.022588
0 0.544068 0.606108 0.012610 0.010067
0 0.436453 0.574318 0.016804 0.016599
0 0.493794 0.560949 0.009456 0.010544
0 0.527717 0.759900 0.041983 0.014579
0 0.381749 0.526473 0.012521 0.015539
0 0.425409 0.464285 0.010475 0.011029
0 0.560045 0.708753 0.025762 0.013983
0 0.216005 0.273998 0.039662 0.046125
0 0.522932 0.698157 0.028878 0.013434
0 0.414506 0.588518 0.016823 0.016720
0 0.514179 0.605468 0.015021 0.010938
0 0.372002 0.589743 0.018796 0.021703
0 0.566986 0.551487 0.013115 0.013425
