0 0.329941 0.702628 0.023525 0.021174
0 0.579297 0.691160 0.020781 0.013452
0 0.505873 0.631999 0.009495 0.006729
0 0.430271 0.814149 0.025681 0.009968
0 0.236707 0.583093 0.010739 0.019945
0 0.544179 0.606408 0.011001 0.009843
0 0.444166 0.563057 0.013786 0.013694
0 0.461482 0.566376 0.013852 0.013971
0 0.504424 0.748570 0.033223 0.010339
0 0.386585 0.552049 0.020288 0.021790
0 0.422370 0.506511 0.011789 0.012389
0 0.631981 0.649128 0.024858 0.023302
0 0.159581 0.430339 0.021633 0.058619
0 0.471613 0.667584 0.023763 0.014446
0 0.372780 0.539288 0.016888 0.024309
0 0.414683 0.495334 0.007937 0.009333
0 0.581724 0.641145 0.028302 0.021975
