0 0.329917 0.702659 0.021758 0.019692
0 0.579300 0.691193 0.019113 0.012762
0 0.505899 0.631955 0.011798 0.006827
0 0.430175 0.814384 0.028820 0.012266
0 0.237119 0.582981 0.012352 0.026636
0 0.544068 0.606108 0.012610 0.010067
0 0.437451 0.573180 0.013523 0.013206
0 0.493461 0.560377 0.007108 0.008102
0 0.527507 0.758707 0.034930 0.013282
0 0.381694 0.528644 0.011859 0.016477
0 0.424491 0.467690 0.013467 0.014358
0 0.566895 0.705040 0.031503 0.018057
0 0.209454 0.284868 0.038820 0.047096
0 0.517337 0.696287 0.021124 0.008104
0 0.409967 0.585460 0.018174 0.018496
0 0.521477 0.599260 0.017009 0.013809
0 0.371862 0.578680 0.017734 0.019944
0 0.570044 0.557804 0.013701 0.014033
