0 0.329915 0.702673 0.019251 0.017328
0 0.579395 0.691420 0.020586 0.012931
0 0.505898 0.631929 0.012977 0.006876
0 0.430274 0.814094 0.028422 0.010575
0 0.236747 0.583091 0.011462 0.022242
0 0.544190 0.606379 0.012856 0.010609
0 0.430912 0.583666 0.020430 0.020252
0 0.500647 0.569244 0.010367 0.009853
0 0.547268 0.766736 0.034020 0.013679
0 0.381855 0.508598 0.011404 0.016206
0 0.487670 0.730703 0.032904 0.010872
0 0.307402 0.179641 0.037420 0.026580
0 0.570467 0.709463 0.038247 0.021983
0 0.455483 0.606500 0.023211 0.018838
0 0.418705 0.622622 0.020812 0.017815
0 0.404839 0.686238 0.032607 0.023815
0 0.434989 0.491111 0.011379 0.009867
