0 0.329941 0.702628 0.023525 0.021174
0 0.579402 0.691483 0.017246 0.011549
0 0.505899 0.631955 0.011798 0.006827
0 0.430175 0.814384 0.028820 0.012266
0 0.236832 0.583107 0.014006 0.027181
0 0.544038 0.606129 0.010319 0.008239
0 0.434912 0.577483 0.016411 0.015985
0 0.495755 0.563690 0.009706 0.012016
0 0.534867 0.761672 0.042603 0.016239
0 0.381594 0.521065 0.009167 0.014642
0 0.429463 0.454037 0.014101 0.014848
0 0.536963 0.718613 0.030641 0.016699
0 0.243226 0.238709 0.032615 0.032234
0 0.538044 0.703526 0.028557 0.015116
0 0.427283 0.596332 0.020162 0.018564
0 0.486000 0.618973 0.020998 0.013089
0 0.375307 0.620431 0.023197 0.023502
0 0.419801 0.447781 0.014074 0.014802
