0 0.329896 0.702698 0.017483 0.015844
0 0.579422 0.691463 0.019357 0.013303
0 0.505899 0.631955 0.011798 0.006827
0 0.430175 0.814384 0.028820 0.012266
0 0.236783 0.583110 0.013283 0.024885
0 0.544017 0.606104 0.010804 0.007558
0 0.423229 0.596414 0.018467 0.017002
0 0.513568 0.579162 0.011480 0.012394
0 0.576306 0.773998 0.038823 0.020481
0 0.386145 0.482572 0.012624 0.021353
0 0.372848 0.715626 0.030446 0.022463
0 0.648719 0.704545 0.031859 0.026440
0 0.515713 0.602947 0.015017 0.012249
0 0.294956 0.490886 0.008943 0.034693
0 0.569300 0.776118 0.048784 0.023133
