0 0.329937 0.702643 0.021018 0.018810
0 0.579283 0.691240 0.015337 0.010318
0 0.505924 0.631956 0.011848 0.007977
0 0.430200 0.814378 0.028571 0.011142
0 0.237110 0.583007 0.013449 0.026982
0 0.544138 0.606390 0.010120 0.007716
0 0.445132 0.561972 0.012736 0.012672
0 0.461652 0.567446 0.013632 0.013495
0 0.502207 0.747661 0.035359 0.010645
0 0.387581 0.553831 0.015270 0.019415
0 0.423268 0.509776 0.011092 0.012588
0 0.635965 0.643248 0.027906 0.027311
0 0.158365 0.442450 0.019398 0.046767
0 0.467463 0.664097 0.040997 0.018775
0 0.370253 0.535002 0.012581 0.018095
0 0.421090 0.490847 0.007724 0.008361
0 0.581212 0.649238 0.021873 0.018292
