0 0.329937 0.702643 0.021018 0.018810
0 0.579297 0.691160 0.020781 0.013452
0 0.505853 0.631998 0.009445 0.005579
0 0.430251 0.814040 0.031412 0.012305
0 0.237054 0.583036 0.013825 0.025034
0 0.544165 0.606368 0.012415 0.009546
0 0.426158 0.591061 0.020439 0.019163
0 0.508300 0.575169 0.012307 0.012028
0 0.565507 0.771706 0.037754 0.017491
0 0.383320 0.491462 0.012032 0.017076
0 0.416608 0.728208 0.037630 0.022594
0 0.616904 0.710549 0.032317 0.023834
0 0.493120 0.608194 0.013759 0.009418
0 0.328660 0.562640 0.017892 0.025984
0 0.493181 0.755491 0.031849 0.010589
