0 0.329745 0.702857 0.023916 0.021633
0 0.579300 0.691193 0.019113 0.012762
0 0.505909 0.631979 0.010697 0.007928
0 0.430251 0.814040 0.031412 0.012305
0 0.236747 0.583091 0.011462 0.022242
0 0.544064 0.606123 0.011685 0.009685
0 0.446519 0.559355 0.013010 0.012927
0 0.462076 0.570751 0.016338 0.017421
0 0.389476 0.560247 0.017974 0.020641
0 0.425901 0.519470 0.012526 0.012293
0 0.647905 0.624184 0.024814 0.026933
0 0.457956 0.655171 0.027822 0.019297
0 0.364580 0.518085 0.010731 0.017686
0 0.439972 0.482538 0.010541 0.010235
0 0.572770 0.675013 0.029728 0.019788
