0 0.329915 0.702673 0.019251 0.017328
0 0.579376 0.691444 0.018476 0.011177
0 0.505898 0.631929 0.012977 0.006876
0 0.430224 0.814046 0.031661 0.013429
0 0.237110 0.583007 0.013449 0.026982
0 0.544135 0.606404 0.009192 0.007332
0 0.424000 0.593719 0.021674 0.020162
0 0.511255 0.577722 0.012222 0.011200
0 0.570813 0.772758 0.038047 0.018148
0 0.384606 0.486594 0.009719 0.016033
0 0.389177 0.721898 0.031233 0.021758
0 0.635308 0.708084 0.036216 0.028255
0 0.506774 0.606187 0.013549 0.009977
0 0.304883 0.522490 0.011288 0.024840
0 0.538237 0.770613 0.029483 0.011961
