0 0.329937 0.702643 0.021018 0.018810
0 0.579395 0.691420 0.020586 0.012931
0 0.505896 0.631901 0.014156 0.006925
0 0.430271 0.814149 0.025681 0.009968
0 0.237061 0.583012 0.012727 0.024688
0 0.544068 0.606108 0.012610 0.010067
0 0.443585 0.563718 0.013141 0.013217
0 0.461483 0.565044 0.014321 0.014255
0 0.506651 0.749674 0.033292 0.009476
0 0.386203 0.549602 0.011179 0.012915
0 0.422174 0.502868 0.008994 0.011485
0 0.627834 0.654985 0.026141 0.023823
0 0.161963 0.415368 0.022735 0.055555
0 0.475762 0.670886 0.020525 0.010700
0 0.375017 0.544574 0.016475 0.021106
0 0.408059 0.500000 0.010343 0.013581
0 0.582770 0.632242 0.021581 0.017645
