0 0.329937 0.702643 0.021018 0.018810
0 0.579300 0.691193 0.019113 0.012762
0 0.505898 0.631929 0.012977 0.006876
0 0.430200 0.814378 0.028571 0.011142
0 0.236840 0.583081 0.012909 0.026835
0 0.544040 0.606114 0.011244 0.008622
0 0.426925 0.590185 0.013424 0.012564
0 0.507635 0.574897 0.013430 0.011483
0 0.562793 0.770858 0.037437 0.016596
0 0.383173 0.493653 0.009413 0.015877
0 0.425214 0.729575 0.026723 0.016023
0 0.612145 0.710430 0.036371 0.026251
0 0.488336 0.608670 0.014131 0.009402
0 0.338110 0.574055 0.020485 0.029505
0 0.479950 0.748945 0.035847 0.015915
