0 0.329941 0.702628 0.023525 0.021174
0 0.579277 0.691183 0.018673 0.011699
0 0.505872 0.631928 0.012922 0.005727
0 0.430176 0.814437 0.026077 0.011659
0 0.236747 0.583091 0.011462 0.022242
0 0.544179 0.606408 0.011001 0.009843
0 0.424070 0.595342 0.018555 0.017568
0 0.512757 0.578078 0.013302 0.012617
0 0.573515 0.772924 0.048013 0.022129
0 0.384770 0.484654 0.008434 0.012977
0 0.381147 0.718555 0.034658 0.024160
0 0.642043 0.706508 0.030127 0.024456
0 0.511273 0.604077 0.014720 0.011723
0 0.299113 0.507166 0.009418 0.023304
0 0.553569 0.773924 0.040164 0.017034
