0 0.329915 0.702673 0.019251 0.017328
0 0.579297 0.691160 0.020781 0.013452
0 0.505898 0.631929 0.012977 0.006876
0 0.430250 0.814100 0.028671 0.011699
0 0.236832 0.583107 0.014006 0.027181
0 0.544162 0.606385 0.011488 0.009163
0 0.427425 0.589517 0.018277 0.017260
0 0.506795 0.573568 0.011780 0.010685
0 0.560353 0.770241 0.047379 0.021162
0 0.383057 0.495766 0.009119 0.014831
0 0.433527 0.730462 0.035698 0.021389
0 0.605473 0.710971 0.036454 0.025901
0 0.483357 0.608890 0.016834 0.013073
0 0.347753 0.584552 0.017858 0.022789
0 0.465648 0.741461 0.039516 0.016145
