0 0.329917 0.702659 0.021758 0.019692
0 0.579395 0.691420 0.020586 0.012931
0 0.505863 0.631977 0.010596 0.005628
0 0.430207 0.814251 0.034057 0.012356
0 0.236985 0.582997 0.010184 0.019752
0 0.544038 0.606129 0.010319 0.008239
0 0.439581 0.569423 0.016837 0.016649
0 0.461535 0.557914 0.012330 0.012201
0 0.491192 0.556618 0.009029 0.011909
0 0.518133 0.755826 0.031853 0.010218
0 0.382641 0.537333 0.015356 0.020535
0 0.421798 0.481650 0.011886 0.012440
0 0.593799 0.687618 0.031087 0.022841
0 0.183732 0.335142 0.030748 0.046215
0 0.500000 0.687099 0.025091 0.008622
0 0.394475 0.571347 0.018842 0.020234
0 0.542170 0.572619 0.016160 0.016297
0 0.380045 0.541602 0.015735 0.019265
0 0.579985 0.585756 0.013328 0.013142
