0 0.329917 0.702659 0.021758 0.019692
0 0.579420 0.691431 0.021027 0.013994
0 0.505863 0.631977 0.010596 0.005628
0 0.430200 0.814378 0.028571 0.011142
0 0.236798 0.583062 0.011088 0.024193
0 0.544040 0.606114 0.011244 0.008622
0 0.438200 0.572299 0.014052 0.013657
0 0.492984 0.559142 0.008724 0.009449
0 0.525145 0.757429 0.036989 0.013762
0 0.381988 0.530906 0.015655 0.020400
0 0.423704 0.471216 0.012887 0.013409
0 0.575363 0.700878 0.031297 0.019110
0 0.201500 0.298507 0.034953 0.044890
0 0.513854 0.694117 0.026045 0.010380
0 0.405871 0.581900 0.020364 0.021111
0 0.527848 0.592606 0.018628 0.015560
0 0.373272 0.569053 0.019614 0.022347
0 0.573157 0.564770 0.014920 0.015278
