0 0.329932 0.702658 0.018511 0.016446
0 0.579369 0.691410 0.020146 0.011868
0 0.505886 0.631978 0.010647 0.006778
0 0.430225 0.814105 0.028920 0.012822
0 0.236783 0.583110 0.013283 0.024885
0 0.544138 0.606390 0.010120 0.007716
0 0.428443 0.586705 0.017919 0.017329
0 0.504702 0.571737 0.010078 0.010902
0 0.554953 0.768808 0.034708 0.015703
0 0.382708 0.500000 0.008049 0.014840
0 0.452647 0.731615 0.029930 0.013651
0 0.594268 0.711266 0.029570 0.019904
0 0.474515 0.608684 0.018723 0.014921
0 0.370894 0.602816 0.023777 0.025531
0 0.443369 0.725373 0.034839 0.021236
