0 0.329941 0.702628 0.023525 0.021174
0 0.579422 0.691463 0.019357 0.013303
0 0.505923 0.631930 0.013033 0.008026
0 0.430251 0.814040 0.031412 0.012305
0 0.236740 0.583112 0.012560 0.022588
0 0.544165 0.606368 0.012415 0.009546
0 0.442047 0.566590 0.016066 0.015873
0 0.461691 0.561107 0.011269 0.011799
0 0.489248 0.553939 0.008709 0.009837
0 0.513484 0.752143 0.029221 0.011838
0 0.384414 0.543443 0.013736 0.018158
0 0.421301 0.492143 0.009575 0.011139
0 0.611845 0.672111 0.019974 0.016040
0 0.169916 0.376264 0.028017 0.050168
0 0.487093 0.679162 0.025814 0.012643
0 0.384331 0.559065 0.012836 0.015510
0 0.548338 0.550908 0.015038 0.015058
0 0.392516 0.518294 0.011994 0.015695
0 0.583338 0.608496 0.018502 0.017011
