0 0.329915 0.702673 0.019251 0.017328
0 0.579277 0.691183 0.018673 0.011699
0 0.505872 0.631928 0.012922 0.005727
0 0.430175 0.814324 0.031563 0.012873
0 0.237061 0.583012 0.012727 0.024688
0 0.544040 0.606114 0.011244 0.008622
0 0.438903 0.570243 0.012255 0.012032
0 0.461614 0.556669 0.013509 0.014047
0 0.491720 0.556976 0.008245 0.010089
0 0.520583 0.756135 0.043464 0.014223
0 0.382523 0.535062 0.013376 0.018000
0 0.422402 0.478230 0.010759 0.012992
0 0.587619 0.691814 0.028704 0.019298
0 0.188757 0.323718 0.032616 0.048033
0 0.503391 0.689087 0.025464 0.010778
0 0.398614 0.575124 0.016557 0.017853
0 0.538125 0.579521 0.013673 0.012936
0 0.377035 0.549929 0.015566 0.019764
0 0.578043 0.578043 0.015622 0.015622
