0 0.329968 0.702592 0.025291 0.022656
0 0.579422 0.691492 0.017687 0.012613
0 0.505923 0.631930 0.013033 0.008026
0 0.430251 0.814040 0.031412 0.012305
0 0.236832 0.583107 0.014006 0.027181
0 0.544162 0.606385 0.011488 0.009163
0 0.434897 0.576100 0.020503 0.020229
0 0.495329 0.562522 0.008834 0.009747
0 0.532417 0.760982 0.037823 0.015317
0 0.381974 0.523274 0.014093 0.016623
0 0.428282 0.457563 0.014311 0.014964
0 0.545953 0.714780 0.031940 0.015376
0 0.232789 0.250797 0.037186 0.038936
0 0.532320 0.701883 0.028165 0.014977
0 0.422622 0.593777 0.018118 0.017209
0 0.496840 0.615505 0.015818 0.010739
0 0.373075 0.610416 0.024936 0.026004
