0 0.329897 0.702687 0.019991 0.018209
0 0.579395 0.691420 0.020586 0.012931
0 0.505899 0.631955 0.011798 0.006827
0 0.430251 0.814040 0.031412 0.012305
0 0.236747 0.583091 0.011462 0.022242
0 0.544059 0.606137 0.010760 0.009303
0 0.438726 0.571655 0.016957 0.016492
0 0.461768 0.555387 0.013900 0.014301
0 0.491857 0.558678 0.011091 0.011527
0 0.522802 0.756772 0.036757 0.012873
0 0.381903 0.533033 0.013976 0.017201
0 0.422830 0.474618 0.013339 0.013973
0 0.581574 0.696345 0.029461 0.019682
0 0.195918 0.309842 0.032207 0.044410
0 0.508599 0.692103 0.025820 0.010862
0 0.401599 0.578415 0.022868 0.024811
0 0.533531 0.586766 0.014450 0.012410
0 0.374802 0.559876 0.014044 0.017674
0 0.575333 0.571520 0.019128 0.019195
