0 0.329941 0.702628 0.023525 0.021174
0 0.579281 0.691213 0.017005 0.011009
0 0.505853 0.631998 0.009445 0.005579
0 0.430200 0.814378 0.028571 0.011142
0 0.237018 0.583015 0.012004 0.022393
0 0.544179 0.606408 0.011001 0.009843
0 0.434198 0.578349 0.015107 0.014631
0 0.496892 0.564605 0.009956 0.013598
0 0.537225 0.762805 0.033502 0.014196
0 0.381770 0.518885 0.008618 0.012436
0 0.431061 0.451587 0.014785 0.014946
0 0.529446 0.721160 0.030335 0.014074
0 0.251876 0.229243 0.030665 0.028916
0 0.543717 0.704434 0.028583 0.014128
0 0.432015 0.598647 0.022206 0.019755
0 0.476050 0.621655 0.017804 0.012690
0 0.378598 0.632465 0.017380 0.016742
0 0.420270 0.456570 0.012114 0.012463
