0 0.329937 0.702643 0.021018 0.018810
0 0.579277 0.691183 0.018673 0.011699
0 0.505896 0.631901 0.014156 0.006925
0 0.430198 0.814433 0.025828 0.010535
0 0.236747 0.583091 0.011462 0.022242
0 0.544165 0.606368 0.012415 0.009546
0 0.431964 0.580984 0.018279 0.017551
0 0.499358 0.567500 0.010928 0.012151
0 0.542454 0.765755 0.036627 0.016871
0 0.381695 0.512854 0.013274 0.018777
0 0.504043 0.727018 0.030361 0.009715
0 0.284259 0.197778 0.049240 0.039948
0 0.559964 0.707940 0.035405 0.018765
0 0.445594 0.603939 0.020609 0.019275
0 0.442654 0.625387 0.019997 0.015329
0 0.392693 0.664934 0.031556 0.025506
0 0.426977 0.478844 0.010297 0.011143
