0 0.329937 0.702643 0.021018 0.018810
0 0.579277 0.691183 0.018673 0.011699
0 0.505872 0.631928 0.012922 0.005727
0 0.430224 0.814046 0.031661 0.013429
0 0.237061 0.583012 0.012727 0.024688
0 0.544071 0.606090 0.013535 0.010449
0 0.429238 0.585792 0.012624 0.012113
0 0.503970 0.571460 0.010593 0.009131
0 0.554938 0.768601 0.032677 0.016913
0 0.382177 0.502147 0.010614 0.016122
0 0.460843 0.731792 0.036147 0.015962
0 0.587680 0.711286 0.026848 0.016843
0 0.469456 0.609066 0.020258 0.012767
0 0.382730 0.609383 0.020617 0.021227
0 0.431715 0.715906 0.027106 0.015956
0 0.448544 0.505450 0.012290 0.010095
