0 0.329968 0.702592 0.025291 0.022656
0 0.579395 0.691420 0.020586 0.012931
0 0.505899 0.631955 0.011798 0.006827
0 0.430227 0.814159 0.026179 0.012216
0 0.237119 0.582981 0.012352 0.026636
0 0.544068 0.606108 0.012610 0.010067
0 0.442819 0.564572 0.014912 0.014783
0 0.461283 0.563980 0.016799 0.016696
0 0.508908 0.750472 0.033434 0.010338
0 0.385462 0.547705 0.015653 0.019738
0 0.421499 0.499287 0.006404 0.009275
0 0.623209 0.660415 0.029754 0.026017
0 0.163786 0.403292 0.022869 0.049700
0 0.478258 0.673723 0.025759 0.014960
0 0.378115 0.549464 0.014444 0.019193
0 0.402429 0.505353 0.009897 0.014285
0 0.583820 0.624068 0.021384 0.018579
