0 0.329968 0.702592 0.025291 0.022656
0 0.579399 0.691454 0.018916 0.012240
0 0.505874 0.631954 0.011748 0.005678
0 0.430198 0.814481 0.023084 0.009927
0 0.237069 0.582988 0.011629 0.024342
0 0.544038 0.606129 0.010319 0.008239
0 0.429737 0.585140 0.017349 0.016718
0 0.502667 0.570937 0.010682 0.011258
0 0.552235 0.767698 0.029592 0.013359
0 0.381908 0.504274 0.009124 0.014971
0 0.469119 0.731570 0.035834 0.015351
0 0.581356 0.711277 0.031182 0.019748
0 0.464625 0.608090 0.016231 0.013588
0 0.394758 0.614821 0.019076 0.018364
0 0.422620 0.706314 0.030252 0.018721
0 0.444263 0.501053 0.009329 0.008437
