0 0.329941 0.702628 0.023525 0.021174
0 0.579381 0.691475 0.016806 0.010485
0 0.505886 0.631978 0.010647 0.006778
0 0.430224 0.814046 0.031661 0.013429
0 0.236894 0.583073 0.013632 0.029131
0 0.544040 0.606114 0.011244 0.008622
0 0.431217 0.581886 0.016988 0.016470
0 0.500000 0.568195 0.006282 0.007481
0 0.544744 0.765790 0.031794 0.014693
0 0.381257 0.510813 0.012504 0.019636
0 0.495917 0.729030 0.030662 0.010294
0 0.294341 0.189485 0.045442 0.034118
0 0.564294 0.709147 0.034258 0.019936
0 0.450484 0.605644 0.018444 0.016346
0 0.430931 0.624352 0.018014 0.014864
0 0.398349 0.675671 0.029037 0.023734
0 0.430373 0.485534 0.011431 0.011067
