0 0.476338 0.769174 0.023955 0.007216
0 0.330246 0.618920 0.016127 0.019601
0 0.477848 0.751640 0.024675 0.007847
0 0.444856 0.651196 0.015364 0.010753
0 0.505384 0.620477 0.009743 0.006739
0 0.399191 0.609994 0.014262 0.013885
0 0.417727 0.565524 0.015308 0.016129
0 0.582130 0.693017 0.026968 0.017955
0 0.461173 0.730617 0.027611 0.012891
0 0.712932 0.705639 0.033132 0.033876
0 0.170295 0.426739 0.014400 0.036049
0 0.249349 0.479975 0.011351 0.035727
0 0.531712 0.606481 0.014047 0.010197
0 0.498390 0.557181 0.008059 0.008815
0 0.444295 0.479430 0.011818 0.011891
