0 0.476333 0.769266 0.019357 0.007954
0 0.330477 0.618738 0.013662 0.017109
0 0.477820 0.751642 0.024775 0.008993
0 0.444880 0.651211 0.013651 0.009192
0 0.505361 0.620476 0.009693 0.005589
0 0.399233 0.609948 0.015400 0.014792
0 0.442101 0.566553 0.013402 0.013135
0 0.351182 0.442666 0.015074 0.020188
0 0.543311 0.720844 0.034894 0.017092
0 0.393451 0.704328 0.030748 0.021582
0 0.567507 0.526813 0.011807 0.011617
0 0.797333 0.675333 0.031860 0.044204
0 0.302572 0.207488 0.043145 0.032997
0 0.288073 0.665693 0.031734 0.036327
0 0.478689 0.797641 0.047971 0.017597
