0 0.476338 0.769174 0.023955 0.007216
0 0.330196 0.618945 0.014054 0.016640
0 0.477887 0.751732 0.020182 0.006318
0 0.444880 0.651211 0.013651 0.009192
0 0.505371 0.620145 0.011818 0.006252
0 0.399016 0.610185 0.014851 0.014357
0 0.424647 0.566729 0.017469 0.017737
0 0.571821 0.702242 0.027416 0.016345
0 0.441314 0.726061 0.029660 0.014943
0 0.737635 0.699440 0.026178 0.029333
0 0.188525 0.357887 0.023443 0.038703
0 0.245302 0.531567 0.012928 0.036665
0 0.323507 0.756610 0.040746 0.031752
0 0.533918 0.570699 0.012594 0.012421
0 0.312968 0.288652 0.033393 0.030947
