0 0.476301 0.769461 0.024031 0.007792
0 0.330462 0.618759 0.014605 0.017770
0 0.477850 0.752019 0.020255 0.006893
0 0.444880 0.651211 0.013651 0.009192
0 0.505384 0.620477 0.009743 0.006739
0 0.399036 0.610166 0.014074 0.013509
0 0.431491 0.567333 0.017166 0.017196
0 0.562333 0.709267 0.030845 0.019695
0 0.422359 0.718897 0.023137 0.013411
0 0.760244 0.692653 0.027111 0.032397
0 0.221881 0.294086 0.034813 0.042245
0 0.252615 0.585433 0.019857 0.035410
0 0.382640 0.782588 0.043897 0.026979
0 0.525797 0.538060 0.009772 0.011009
0 0.229535 0.409250 0.020580 0.038360
