0 0.476304 0.769123 0.026405 0.008567
0 0.330230 0.618943 0.017069 0.020261
0 0.477820 0.751642 0.024775 0.008993
0 0.444743 0.651445 0.016905 0.011782
0 0.505396 0.620433 0.011873 0.006828
0 0.399024 0.610181 0.013114 0.012629
0 0.430690 0.566951 0.017590 0.017638
0 0.563879 0.708191 0.027979 0.016031
0 0.425867 0.720044 0.042840 0.025932
0 0.756118 0.693110 0.033084 0.039429
0 0.213683 0.306750 0.032449 0.042332
0 0.250627 0.574078 0.016565 0.028746
0 0.369868 0.778583 0.040630 0.025876
0 0.528421 0.544292 0.012491 0.013137
0 0.241500 0.381867 0.029489 0.047451
