0 0.476296 0.769065 0.028753 0.008771
0 0.330205 0.618954 0.016034 0.018780
0 0.477836 0.751925 0.024652 0.007276
0 0.444856 0.651196 0.015364 0.010753
0 0.505371 0.620145 0.011818 0.006252
0 0.399014 0.610193 0.012153 0.011749
0 0.563931 0.528699 0.012650 0.012338
0 0.439419 0.567241 0.014176 0.013896
0 0.548649 0.718412 0.028452 0.013780
0 0.400340 0.708350 0.035639 0.024609
0 0.568707 0.520632 0.012034 0.011770
0 0.788249 0.680274 0.031397 0.042638
0 0.278912 0.227084 0.041898 0.036543
0 0.275994 0.645668 0.030753 0.039205
0 0.455261 0.797280 0.042928 0.015306
