0 0.476313 0.769176 0.024056 0.008363
0 0.330462 0.618759 0.014605 0.017770
0 0.477818 0.751977 0.022554 0.008231
0 0.444771 0.651485 0.013869 0.009740
0 0.505351 0.620495 0.008641 0.005544
0 0.399220 0.609963 0.014442 0.013914
0 0.566388 0.526488 0.013950 0.014794
0 0.435311 0.566973 0.014743 0.014655
0 0.555647 0.714052 0.030495 0.016714
0 0.411119 0.714057 0.033000 0.019826
0 0.774781 0.685525 0.036572 0.046909
0 0.249196 0.257785 0.039161 0.040033
0 0.262042 0.616173 0.017352 0.025880
0 0.418704 0.792175 0.043154 0.019635
0 0.212960 0.497455 0.009466 0.030569
