0 0.476318 0.769552 0.019327 0.007382
0 0.330448 0.618779 0.015548 0.018430
0 0.477836 0.751925 0.024652 0.007276
0 0.444859 0.651218 0.014045 0.010273
0 0.505371 0.620496 0.008691 0.006694
0 0.398987 0.610215 0.014669 0.014326
0 0.413724 0.565092 0.013695 0.014222
0 0.588033 0.688177 0.031150 0.022677
0 0.473165 0.732763 0.031613 0.013185
0 0.700277 0.707382 0.030938 0.030267
0 0.166119 0.467572 0.012796 0.044590
0 0.255797 0.449845 0.021023 0.037002
0 0.526491 0.629072 0.017387 0.011099
0 0.479372 0.560342 0.013663 0.015695
