0 0.476265 0.769411 0.026482 0.009142
0 0.330219 0.618934 0.015091 0.018120
0 0.477818 0.751977 0.022554 0.008231
0 0.444750 0.651493 0.014263 0.010822
0 0.505372 0.620455 0.010744 0.005634
0 0.399006 0.610203 0.011193 0.010869
0 0.440940 0.566710 0.013274 0.013148
0 0.349610 0.441971 0.018293 0.023816
0 0.545061 0.720346 0.028552 0.013370
0 0.396738 0.706679 0.031434 0.022243
0 0.568034 0.523677 0.011762 0.011900
0 0.793349 0.676497 0.037076 0.051759
0 0.290853 0.217502 0.042478 0.034777
0 0.282002 0.655609 0.027387 0.033562
0 0.468466 0.797731 0.034712 0.012133
