0 0.476304 0.769123 0.026405 0.008567
0 0.330490 0.618744 0.015640 0.019248
0 0.477856 0.751689 0.022479 0.007656
0 0.444854 0.651170 0.016682 0.011231
0 0.505328 0.620207 0.008596 0.004968
0 0.399209 0.609977 0.013484 0.013036
0 0.564946 0.527753 0.011067 0.010736
0 0.438157 0.567428 0.018710 0.018570
0 0.550468 0.717316 0.032450 0.015973
0 0.403902 0.710390 0.031377 0.020930
0 0.569192 0.517622 0.012741 0.013376
0 0.784194 0.681233 0.034027 0.045275
0 0.268106 0.237959 0.045381 0.041739
0 0.271926 0.637185 0.024146 0.032324
0 0.442072 0.795925 0.051137 0.019700
