0 0.476313 0.769176 0.024056 0.008363
0 0.330490 0.618744 0.015640 0.019248
0 0.477843 0.751975 0.022454 0.007085
0 0.444880 0.651211 0.013651 0.009192
0 0.505369 0.620119 0.012891 0.006297
0 0.399006 0.610198 0.013891 0.013477
0 0.425908 0.566758 0.016135 0.016484
0 0.570196 0.703191 0.026249 0.017187
0 0.437627 0.724277 0.025501 0.013724
0 0.741295 0.698973 0.030969 0.034981
0 0.194738 0.344300 0.025345 0.038573
0 0.246557 0.542846 0.017804 0.043907
0 0.335369 0.763216 0.037358 0.028396
0 0.532618 0.563652 0.011947 0.012156
0 0.291492 0.308898 0.032224 0.033906
