0 0.476304 0.769123 0.026405 0.008567
0 0.330474 0.618767 0.016582 0.019908
0 0.477887 0.751732 0.020182 0.006318
0 0.444769 0.651462 0.015191 0.010220
0 0.505348 0.620208 0.008646 0.006118
0 0.399233 0.609948 0.015400 0.014792
0 0.420780 0.566537 0.015299 0.015903
0 0.577752 0.696624 0.031480 0.020982
0 0.453006 0.728917 0.036415 0.018741
0 0.722295 0.703751 0.041847 0.044261
0 0.176083 0.397503 0.026130 0.051578
0 0.245685 0.500000 0.006904 0.024763
0 0.533901 0.592467 0.015253 0.013049
0 0.449686 0.490267 0.011707 0.010232
