0 0.476304 0.769123 0.026405 0.008567
0 0.330462 0.618759 0.014605 0.017770
0 0.477848 0.751640 0.024675 0.007847
0 0.444880 0.651187 0.014970 0.009671
0 0.505372 0.620455 0.010744 0.005634
0 0.399220 0.609963 0.014442 0.013914
0 0.426879 0.567043 0.016384 0.016545
0 0.568786 0.704614 0.035285 0.020028
0 0.433694 0.723014 0.031672 0.016923
0 0.746494 0.696206 0.041530 0.048062
0 0.200784 0.330548 0.027727 0.038781
0 0.247342 0.554082 0.018655 0.039808
0 0.347183 0.769251 0.058164 0.043430
0 0.531878 0.557229 0.010727 0.011871
0 0.272621 0.331540 0.038995 0.045926
