0 0.476316 0.769348 0.028632 0.007054
0 0.330219 0.618934 0.015091 0.018120
0 0.477887 0.751732 0.020182 0.006318
0 0.444743 0.651445 0.016905 0.011782
0 0.505372 0.620168 0.010744 0.006208
0 0.399050 0.610150 0.015034 0.014388
0 0.422210 0.566505 0.016116 0.016516
0 0.576485 0.698266 0.035503 0.023228
0 0.449300 0.727828 0.023751 0.013277
0 0.727707 0.701505 0.032844 0.035538
0 0.180054 0.383319 0.022885 0.042271
0 0.245998 0.511438 0.017993 0.045844
0 0.302953 0.743222 0.038366 0.033836
0 0.534633 0.585430 0.010042 0.009415
0 0.453359 0.495109 0.011531 0.007972
