0 0.476286 0.769351 0.028733 0.008201
0 0.330451 0.618752 0.012627 0.015631
0 0.477875 0.751637 0.024575 0.006700
0 0.444793 0.651453 0.014797 0.009139
0 0.505372 0.620168 0.010744 0.006208
0 0.399031 0.610178 0.011376 0.010900
0 0.419189 0.565561 0.019313 0.020247
0 0.580910 0.694703 0.030950 0.020296
0 0.457178 0.729790 0.031478 0.012929
0 0.718510 0.703778 0.024615 0.025690
0 0.173546 0.412238 0.021111 0.048023
0 0.247749 0.488725 0.013689 0.038384
0 0.533545 0.599592 0.014909 0.012251
0 0.504189 0.555356 0.007935 0.010255
0 0.447291 0.485179 0.009417 0.008131
