0 0.476276 0.769464 0.024131 0.008938
0 0.330462 0.618759 0.014605 0.017770
0 0.477836 0.751925 0.024652 0.007276
0 0.444769 0.651436 0.016512 0.010700
0 0.505372 0.620168 0.010744 0.006208
0 0.399024 0.610181 0.013114 0.012629
0 0.414976 0.565327 0.014696 0.015240
0 0.586537 0.689498 0.026505 0.017883
0 0.469222 0.732097 0.027407 0.011452
0 0.703739 0.707319 0.032587 0.032276
0 0.167450 0.452991 0.014826 0.041954
0 0.253626 0.458500 0.013907 0.033713
0 0.528259 0.621348 0.016776 0.011829
0 0.485805 0.560292 0.009566 0.011225
