0 0.476332 0.769121 0.026304 0.007421
0 0.330209 0.618927 0.013111 0.015979
0 0.477850 0.752019 0.020255 0.006893
0 0.444854 0.651170 0.016682 0.011231
0 0.505337 0.620188 0.009645 0.005013
0 0.399200 0.609982 0.015220 0.014762
0 0.416257 0.565515 0.015353 0.016263
0 0.583574 0.691724 0.028555 0.018828
0 0.464892 0.731665 0.034512 0.019049
0 0.709119 0.705511 0.041473 0.041946
0 0.168132 0.441095 0.019444 0.051209
0 0.250925 0.469068 0.014848 0.033975
0 0.531011 0.613820 0.022457 0.018370
0 0.492399 0.559389 0.008521 0.011164
