0 0.476286 0.769351 0.028733 0.008201
0 0.330448 0.618779 0.015548 0.018430
0 0.477850 0.752019 0.020255 0.006893
0 0.444750 0.651493 0.014263 0.010822
0 0.505345 0.620143 0.011762 0.005102
0 0.399006 0.610198 0.013891 0.013477
0 0.565939 0.526890 0.012546 0.012288
0 0.437240 0.567270 0.015454 0.015343
0 0.552012 0.715006 0.038127 0.018622
0 0.407383 0.712327 0.032625 0.023163
0 0.778831 0.684715 0.033939 0.044360
0 0.257173 0.248562 0.040514 0.039653
0 0.267465 0.626538 0.030548 0.043813
0 0.431610 0.794867 0.043425 0.019036
0 0.214314 0.525395 0.013875 0.048322
