0 0.476265 0.769411 0.026482 0.009142
0 0.330219 0.618934 0.015091 0.018120
0 0.477842 0.751735 0.020382 0.008611
0 0.444859 0.651218 0.014045 0.010273
0 0.505345 0.620143 0.011762 0.005102
0 0.399006 0.610203 0.011193 0.010869
0 0.443373 0.566220 0.015371 0.015257
0 0.352081 0.442948 0.017054 0.024170
0 0.541551 0.722328 0.034813 0.015725
0 0.389739 0.702754 0.029175 0.021542
0 0.567120 0.530222 0.016242 0.014736
0 0.803061 0.671630 0.029970 0.043954
0 0.293276 0.673593 0.043651 0.048925
0 0.492072 0.797281 0.042337 0.012003
