0 0.476332 0.769507 0.021579 0.006440
0 0.330477 0.618738 0.013662 0.017109
0 0.477887 0.751732 0.020182 0.006318
0 0.444882 0.651231 0.012332 0.008712
0 0.505372 0.620168 0.010744 0.006208
0 0.399043 0.610164 0.012336 0.011780
0 0.412249 0.565049 0.016348 0.017290
0 0.588896 0.685880 0.028801 0.020951
0 0.477121 0.733694 0.033724 0.014014
0 0.694450 0.708494 0.033185 0.031768
0 0.166195 0.482282 0.010903 0.044319
0 0.259262 0.439686 0.017347 0.033911
0 0.522988 0.635859 0.018037 0.011286
0 0.472440 0.559759 0.014140 0.014724
