0 0.476332 0.769507 0.021579 0.006440
0 0.330438 0.618771 0.013570 0.016291
0 0.477828 0.752021 0.020355 0.008040
0 0.444854 0.651170 0.016682 0.011231
0 0.505397 0.620169 0.010794 0.007357
0 0.399016 0.610185 0.014851 0.014357
0 0.567435 0.525569 0.015359 0.013837
0 0.433852 0.567301 0.018994 0.018960
0 0.557172 0.711929 0.037876 0.019413
0 0.414817 0.715690 0.029743 0.018947
0 0.769092 0.688537 0.030570 0.038173
0 0.239451 0.269422 0.041971 0.045538
0 0.258758 0.605180 0.024673 0.038071
0 0.405671 0.789308 0.048536 0.024075
0 0.215554 0.467295 0.013386 0.038323
