0 0.476363 0.769171 0.023855 0.006069
0 0.330417 0.618781 0.012535 0.014812
0 0.477848 0.751640 0.024675 0.007847
0 0.444771 0.651485 0.013869 0.009740
0 0.505406 0.620478 0.009793 0.007889
0 0.399024 0.610181 0.013114 0.012629
0 0.432913 0.567087 0.015674 0.015674
0 0.558853 0.711126 0.030428 0.017642
0 0.418526 0.717225 0.035286 0.020136
0 0.765751 0.689686 0.032786 0.040486
0 0.230322 0.281511 0.040908 0.046912
0 0.255990 0.596414 0.023289 0.036181
0 0.392624 0.786073 0.049626 0.029196
0 0.221297 0.437881 0.018759 0.038887
