0 0.476286 0.769351 0.028733 0.008201
0 0.330219 0.618934 0.015091 0.018120
0 0.477887 0.751732 0.020182 0.006318
0 0.444856 0.651196 0.015364 0.010753
0 0.505372 0.620455 0.010744 0.005634
0 0.399024 0.610181 0.013114 0.012629
0 0.428924 0.567465 0.013484 0.013597
0 0.565451 0.706762 0.029857 0.017313
0 0.429740 0.721796 0.034286 0.020188
0 0.750690 0.695966 0.033806 0.039204
0 0.208181 0.317495 0.032798 0.045357
0 0.248936 0.565236 0.018525 0.035490
0 0.357183 0.773999 0.037748 0.025599
0 0.529887 0.550432 0.011549 0.012301
0 0.255765 0.355895 0.031262 0.042098
