0 0.476318 0.769552 0.019327 0.007382
0 0.330448 0.618779 0.015548 0.018430
0 0.477836 0.751925 0.024652 0.007276
0 0.444769 0.651407 0.017832 0.011180
0 0.505397 0.620169 0.010794 0.007357
0 0.399209 0.609977 0.013484 0.013036
0 0.423477 0.566570 0.014774 0.015288
0 0.574881 0.699590 0.029571 0.018929
0 0.445316 0.726767 0.029744 0.015044
0 0.731278 0.701191 0.052078 0.056626
0 0.183982 0.371850 0.036267 0.065541
0 0.245470 0.522787 0.016281 0.043393
0 0.313886 0.751342 0.039415 0.033138
0 0.534159 0.577866 0.015901 0.015031
0 0.457177 0.499157 0.011018 0.006328
