0 0.611111 0.529954 0.013889 0.010369
0 0.437500 0.414747 0.011111 0.010369
0 0.493056 0.264977 0.012500 0.009217
0 0.534722 0.645161 0.015278 0.011521
0 0.701389 0.552995 0.013889 0.012673
0 0.437500 0.230415 0.012500 0.010369
0 0.609722 0.228111 0.026389 0.021889
0 0.488889 0.147465 0.023611 0.018433
0 0.466667 0.552995 0.026389 0.021889
0 0.752778 0.236175 0.025000 0.020737
0 0.537500 0.478111 0.026389 0.021889
0 0.430556 0.468894 0.020833 0.017281
0 0.529167 0.223502 0.022222 0.020737
0 0.655556 0.339862 0.026389 0.020737
0 0.530556 0.478111 0.026389 0.021889
