0 0.611111 0.529954 0.013889 0.012673
0 0.437500 0.414747 0.013889 0.012673
0 0.493056 0.264977 0.013889 0.012673
0 0.534722 0.645161 0.013889 0.012673
0 0.701389 0.552995 0.015278 0.009217
0 0.437500 0.230415 0.015278 0.012673
0 0.612500 0.193548 0.018056 0.016129
0 0.516667 0.122120 0.016667 0.014977
0 0.483333 0.521889 0.020833 0.019585
0 0.712500 0.244240 0.019444 0.017281
0 0.813889 0.164747 0.022222 0.019585
0 0.450000 0.432028 0.022222 0.018433
0 0.851389 0.724654 0.022222 0.021889
0 0.486111 0.395161 0.016667 0.012673
0 0.629167 0.248848 0.022222 0.017281
0 0.466667 0.203917 0.023611 0.023041
0 0.662500 0.301843 0.018056 0.020737
0 0.359722 0.182028 0.019444 0.017281
