0 0.611111 0.529954 0.012500 0.013825
0 0.437500 0.414747 0.018056 0.010369
0 0.493056 0.264977 0.015278 0.013825
0 0.534722 0.645161 0.013889 0.010369
0 0.701389 0.552995 0.012500 0.011521
0 0.437500 0.230415 0.013889 0.010369
0 0.615278 0.163594 0.022222 0.023041
0 0.580556 0.157834 0.022222 0.019585
0 0.500000 0.495392 0.019444 0.016129
0 0.676389 0.251152 0.020833 0.017281
0 0.723611 0.154378 0.018056 0.019585
0 0.372222 0.392857 0.023611 0.023041
0 0.769444 0.692396 0.019444 0.016129
0 0.533333 0.331797 0.025000 0.025346
0 0.715278 0.270737 0.026389 0.020737
0 0.776389 0.148618 0.022222 0.019585
0 0.426389 0.353687 0.020833 0.017281
