0 0.611111 0.529954 0.015278 0.013825
0 0.437500 0.414747 0.013889 0.012673
0 0.493056 0.264977 0.012500 0.013825
0 0.534722 0.645161 0.015278 0.011521
0 0.701389 0.552995 0.012500 0.010369
0 0.437500 0.230415 0.013889 0.012673
0 0.616667 0.160138 0.019444 0.017281
0 0.577778 0.161290 0.022222 0.027650
0 0.670833 0.252304 0.022222 0.021889
0 0.709722 0.153226 0.020833 0.020737
0 0.361111 0.387097 0.022222 0.019585
0 0.541667 0.322581 0.025000 0.026498
0 0.729167 0.274194 0.019444 0.017281
0 0.794444 0.125576 0.020833 0.018433
0 0.437500 0.380184 0.023611 0.019585
