0 0.611111 0.529954 0.015278 0.012673
0 0.437500 0.414747 0.012500 0.011521
0 0.493056 0.264977 0.013889 0.010369
0 0.534722 0.645161 0.015278 0.011521
0 0.701389 0.552995 0.015278 0.011521
0 0.437500 0.230415 0.015278 0.013825
0 0.609722 0.218894 0.019444 0.017281
0 0.495833 0.140553 0.019444 0.017281
0 0.470833 0.544931 0.018056 0.013825
0 0.741667 0.238479 0.020833 0.018433
0 0.513889 0.465438 0.020833 0.011521
0 0.919444 0.751152 0.015278 0.016129
0 0.444444 0.449309 0.026389 0.019585
0 0.555556 0.230415 0.023611 0.020737
0 0.605556 0.302995 0.026389 0.023041
0 0.565278 0.430876 0.023611 0.024194
0 0.758333 0.123272 0.020833 0.020737
