0 0.611111 0.529954 0.015278 0.012673
0 0.437500 0.414747 0.012500 0.009217
0 0.493056 0.264977 0.015278 0.009217
0 0.534722 0.645161 0.012500 0.009217
0 0.701389 0.552995 0.012500 0.012673
0 0.437500 0.230415 0.015278 0.012673
0 0.612500 0.195853 0.020833 0.021889
0 0.515278 0.123272 0.022222 0.019585
0 0.483333 0.524194 0.025000 0.020737
0 0.715278 0.243088 0.018056 0.019585
0 0.820833 0.165899 0.016667 0.014977
0 0.455556 0.435484 0.018056 0.014977
0 0.856944 0.726959 0.022222 0.020737
0 0.481944 0.399770 0.022222 0.020737
0 0.622222 0.246544 0.018056 0.019585
0 0.479167 0.213134 0.020833 0.018433
0 0.652778 0.313364 0.020833 0.017281
0 0.354167 0.169355 0.019444 0.017281
