0 0.611111 0.529954 0.012500 0.012673
0 0.437500 0.414747 0.016667 0.011521
0 0.493056 0.264977 0.012500 0.008065
0 0.534722 0.645161 0.012500 0.011521
0 0.701389 0.552995 0.012500 0.011521
0 0.437500 0.230415 0.012500 0.009217
0 0.611111 0.207373 0.025000 0.020737
0 0.505556 0.132488 0.020833 0.020737
0 0.476389 0.534562 0.018056 0.021889
0 0.727778 0.240783 0.020833 0.020737
0 0.484722 0.450461 0.020833 0.020737
0 0.888889 0.739631 0.020833 0.020737
0 0.463889 0.423963 0.022222 0.025346
0 0.588889 0.238479 0.019444 0.016129
0 0.543056 0.258065 0.015278 0.017281
0 0.609722 0.372120 0.020833 0.018433
0 0.818056 0.171659 0.022222 0.017281
