0 0.611111 0.529954 0.015278 0.012673
0 0.437500 0.414747 0.015278 0.012673
0 0.493056 0.264977 0.011111 0.012673
0 0.534722 0.645161 0.012500 0.009217
0 0.701389 0.552995 0.011111 0.010369
0 0.437500 0.230415 0.012500 0.013825
0 0.615278 0.168203 0.019444 0.018433
0 0.583333 0.153226 0.020833 0.020737
0 0.497222 0.498848 0.020833 0.019585
0 0.681944 0.250000 0.022222 0.027650
0 0.737500 0.156682 0.023611 0.021889
0 0.384722 0.398618 0.020833 0.016129
0 0.781944 0.697005 0.026389 0.020737
0 0.526389 0.341014 0.020833 0.023041
0 0.702778 0.267281 0.026389 0.023041
0 0.758333 0.171659 0.016667 0.014977
0 0.416667 0.327189 0.026389 0.020737
