0 0.611111 0.529954 0.012500 0.008065
0 0.437500 0.414747 0.015278 0.009217
0 0.493056 0.264977 0.012500 0.012673
0 0.534722 0.645161 0.013889 0.013825
0 0.701389 0.552995 0.013889 0.012673
0 0.437500 0.230415 0.012500 0.009217
0 0.609722 0.225806 0.020833 0.020737
0 0.490278 0.145161 0.020833 0.020737
0 0.468056 0.550691 0.019444 0.018433
0 0.750000 0.236175 0.019444 0.016129
0 0.531944 0.474654 0.019444 0.016129
0 0.433333 0.463134 0.019444 0.018433
0 0.536111 0.224654 0.023611 0.023041
0 0.643056 0.330645 0.022222 0.024194
0 0.538889 0.465438 0.022222 0.027650
