0 0.611111 0.529954 0.016667 0.011521
0 0.437500 0.414747 0.013889 0.011521
0 0.493056 0.264977 0.013889 0.010369
0 0.534722 0.645161 0.011111 0.010369
0 0.701389 0.552995 0.013889 0.009217
0 0.437500 0.230415 0.012500 0.010369
0 0.609722 0.221198 0.020833 0.020737
0 0.494444 0.142857 0.022222 0.021889
0 0.469444 0.547235 0.016667 0.016129
0 0.744444 0.237327 0.019444 0.017281
0 0.520833 0.468894 0.023611 0.023041
0 0.441667 0.453917 0.020833 0.020737
0 0.550000 0.228111 0.019444 0.019585
0 0.618056 0.312212 0.019444 0.013825
0 0.556944 0.442396 0.020833 0.018433
0 0.747222 0.112903 0.022222 0.018433
