0 0.611111 0.529954 0.012500 0.011521
0 0.437500 0.414747 0.015278 0.011521
0 0.493056 0.264977 0.013889 0.012673
0 0.534722 0.645161 0.015278 0.011521
0 0.701389 0.552995 0.012500 0.010369
0 0.437500 0.230415 0.012500 0.012673
0 0.612500 0.188940 0.023611 0.019585
0 0.595833 0.134793 0.022222 0.021889
0 0.520833 0.118664 0.026389 0.020737
0 0.486111 0.517281 0.022222 0.020737
0 0.706944 0.245392 0.019444 0.020737
0 0.800000 0.163594 0.022222 0.020737
0 0.437500 0.426267 0.020833 0.019585
0 0.838889 0.718894 0.020833 0.018433
0 0.493056 0.385945 0.020833 0.019585
0 0.643056 0.252304 0.029167 0.023041
0 0.441667 0.186636 0.020833 0.018433
0 0.679167 0.277650 0.018056 0.016129
0 0.370833 0.208525 0.022222 0.025346
