0 0.611111 0.529954 0.012500 0.012673
0 0.437500 0.414747 0.013889 0.012673
0 0.493056 0.264977 0.015278 0.011521
0 0.534722 0.645161 0.011111 0.011521
0 0.701389 0.552995 0.013889 0.012673
0 0.437500 0.230415 0.012500 0.010369
0 0.613889 0.182028 0.015278 0.016129
0 0.591667 0.141705 0.022222 0.019585
0 0.526389 0.112903 0.023611 0.020737
0 0.490278 0.511521 0.019444 0.019585
0 0.698611 0.246544 0.020833 0.017281
0 0.779167 0.161290 0.022222 0.020737
0 0.419444 0.417051 0.020833 0.023041
0 0.819444 0.711982 0.026389 0.019585
0 0.504167 0.370968 0.020833 0.019585
0 0.662500 0.256912 0.020833 0.018433
0 0.404167 0.158986 0.026389 0.020737
0 0.705556 0.243088 0.020833 0.017281
0 0.386111 0.247696 0.020833 0.019585
