0 0.611111 0.529954 0.015278 0.012673
0 0.437500 0.414747 0.013889 0.013825
0 0.493056 0.264977 0.015278 0.013825
0 0.534722 0.645161 0.015278 0.011521
0 0.701389 0.552995 0.012500 0.012673
0 0.437500 0.230415 0.015278 0.011521
0 0.613889 0.177419 0.022222 0.020737
0 0.588889 0.145161 0.016667 0.018433
0 0.530556 0.110599 0.020833 0.018433
0 0.491667 0.506912 0.018056 0.020737
0 0.693056 0.247696 0.020833 0.017281
0 0.765278 0.158986 0.020833 0.017281
0 0.408333 0.411290 0.015278 0.012673
0 0.806944 0.707373 0.022222 0.023041
0 0.511111 0.360599 0.022222 0.023041
0 0.675000 0.260369 0.016667 0.014977
0 0.379167 0.140553 0.023611 0.023041
0 0.723611 0.218894 0.020833 0.019585
0 0.395833 0.274194 0.019444 0.017281
