0 0.611111 0.529954 0.012500 0.010369
0 0.437500 0.414747 0.013889 0.010369
0 0.493056 0.264977 0.015278 0.009217
0 0.534722 0.645161 0.015278 0.012673
0 0.701389 0.552995 0.013889 0.011521
0 0.437500 0.230415 0.013889 0.010369
0 0.613889 0.186636 0.016667 0.014977
0 0.594444 0.137097 0.020833 0.021889
0 0.522222 0.116359 0.019444 0.018433
0 0.487500 0.516129 0.026389 0.021889
0 0.704167 0.245392 0.020833 0.018433
0 0.793056 0.162442 0.022222 0.016129
0 0.431944 0.422811 0.020833 0.017281
0 0.831944 0.716590 0.022222 0.018433
0 0.497222 0.380184 0.020833 0.020737
0 0.648611 0.253456 0.019444 0.018433
0 0.429167 0.177419 0.019444 0.018433
0 0.688889 0.266129 0.020833 0.019585
0 0.375000 0.221198 0.019444 0.017281
