0 0.611111 0.529954 0.013889 0.012673
0 0.437500 0.414747 0.015278 0.013825
0 0.493056 0.264977 0.012500 0.009217
0 0.534722 0.645161 0.013889 0.010369
0 0.701389 0.552995 0.013889 0.008065
0 0.437500 0.230415 0.013889 0.010369
0 0.612500 0.191244 0.019444 0.016129
0 0.518056 0.119816 0.020833 0.017281
0 0.484722 0.519585 0.022222 0.020737
0 0.709722 0.244240 0.023611 0.023041
0 0.806944 0.163594 0.020833 0.019585
0 0.443056 0.429724 0.022222 0.018433
0 0.844444 0.722350 0.020833 0.020737
0 0.488889 0.390553 0.020833 0.018433
0 0.636111 0.250000 0.023611 0.023041
0 0.454167 0.194700 0.026389 0.023041
0 0.670833 0.289171 0.020833 0.024194
0 0.365278 0.195853 0.020833 0.017281
