0 0.611111 0.529954 0.012500 0.009217
0 0.437500 0.414747 0.015278 0.011521
0 0.493056 0.264977 0.015278 0.011521
0 0.534722 0.645161 0.013889 0.009217
0 0.701389 0.552995 0.012500 0.010369
0 0.437500 0.230415 0.015278 0.013825
0 0.609722 0.216590 0.022222 0.027650
0 0.498611 0.139401 0.022222 0.019585
0 0.472222 0.542627 0.019444 0.016129
0 0.738889 0.238479 0.020833 0.020737
0 0.508333 0.463134 0.022222 0.018433
0 0.913889 0.748848 0.016667 0.014977
0 0.448611 0.443548 0.026389 0.021889
0 0.562500 0.231567 0.027778 0.024194
0 0.593056 0.294931 0.020833 0.017281
0 0.575000 0.419355 0.023611 0.023041
0 0.770833 0.132488 0.020833 0.020737
