0 0.611111 0.529954 0.013889 0.009217
0 0.437500 0.414747 0.015278 0.011521
0 0.493056 0.264977 0.016667 0.011521
0 0.534722 0.645161 0.012500 0.009217
0 0.701389 0.552995 0.013889 0.011521
0 0.437500 0.230415 0.015278 0.012673
0 0.615278 0.170507 0.016667 0.019585
0 0.584722 0.150922 0.022222 0.020737
0 0.495833 0.501152 0.020833 0.017281
0 0.684722 0.248848 0.013889 0.014977
0 0.744444 0.156682 0.022222 0.018433
0 0.390278 0.402074 0.020833 0.018433
0 0.788889 0.699309 0.025000 0.019585
0 0.522222 0.346774 0.018056 0.016129
0 0.695833 0.266129 0.022222 0.023041
0 0.750000 0.184332 0.022222 0.020737
0 0.411111 0.313364 0.020833 0.016129
