0 0.611111 0.529954 0.016667 0.011521
0 0.437500 0.414747 0.015278 0.011521
0 0.493056 0.264977 0.013889 0.011521
0 0.534722 0.645161 0.012500 0.013825
0 0.701389 0.552995 0.015278 0.009217
0 0.437500 0.230415 0.015278 0.012673
0 0.615278 0.172811 0.020833 0.020737
0 0.586111 0.149770 0.026389 0.024194
0 0.494444 0.503456 0.020833 0.018433
0 0.687500 0.248848 0.022222 0.020737
0 0.751389 0.157834 0.018056 0.011521
0 0.395833 0.405530 0.023611 0.020737
0 0.794444 0.701613 0.022222 0.020737
0 0.519444 0.351382 0.022222 0.024194
0 0.688889 0.263825 0.020833 0.017281
0 0.741667 0.195853 0.022222 0.018433
0 0.405556 0.300691 0.020833 0.018433
