0 0.611111 0.529954 0.016667 0.011521
0 0.437500 0.414747 0.012500 0.013825
0 0.493056 0.264977 0.015278 0.013825
0 0.534722 0.645161 0.015278 0.011521
0 0.701389 0.552995 0.015278 0.012673
0 0.437500 0.230415 0.013889 0.011521
0 0.612500 0.200461 0.025000 0.025346
0 0.511111 0.126728 0.020833 0.018433
0 0.480556 0.527650 0.022222 0.023041
0 0.719444 0.241935 0.019444 0.023041
0 0.834722 0.167051 0.022222 0.019585
0 0.466667 0.441244 0.022222 0.018433
0 0.869444 0.731567 0.019444 0.018433
0 0.475000 0.410138 0.020833 0.021889
0 0.609722 0.243088 0.020833 0.018433
0 0.504167 0.231567 0.020833 0.020737
0 0.636111 0.336406 0.022222 0.025346
