0 0.611111 0.529954 0.015278 0.012673
0 0.437500 0.414747 0.012500 0.011521
0 0.493056 0.264977 0.013889 0.012673
0 0.534722 0.645161 0.013889 0.012673
0 0.701389 0.552995 0.015278 0.012673
0 0.437500 0.230415 0.012500 0.010369
0 0.611111 0.202765 0.020833 0.020737
0 0.509722 0.129032 0.022222 0.023041
0 0.479167 0.529954 0.025000 0.021889
0 0.722222 0.241935 0.018056 0.013825
0 0.841667 0.168203 0.022222 0.018433
0 0.473611 0.444700 0.020833 0.024194
0 0.876389 0.733871 0.016667 0.013825
0 0.470833 0.414747 0.020833 0.020737
0 0.602778 0.241935 0.023611 0.019585
0 0.518056 0.240783 0.026389 0.021889
0 0.627778 0.347926 0.020833 0.020737
0 0.841667 0.192396 0.019444 0.018433
