0 0.611111 0.529954 0.015278 0.011521
0 0.437500 0.414747 0.013889 0.008065
0 0.493056 0.264977 0.015278 0.011521
0 0.534722 0.645161 0.016667 0.011521
0 0.701389 0.552995 0.013889 0.010369
0 0.437500 0.230415 0.013889 0.012673
0 0.606944 0.248848 0.022222 0.021889
0 0.472222 0.162442 0.023611 0.023041
0 0.455556 0.571429 0.020833 0.020737
0 0.776389 0.231567 0.020833 0.020737
0 0.591667 0.505760 0.027778 0.023041
0 0.469444 0.208525 0.019444 0.020737
0 0.769444 0.420507 0.020833 0.019585
0 0.451389 0.582949 0.020833 0.017281
