0 0.611111 0.529954 0.013889 0.008065
0 0.437500 0.414747 0.013889 0.012673
0 0.493056 0.264977 0.012500 0.013825
0 0.534722 0.645161 0.015278 0.011521
0 0.701389 0.552995 0.013889 0.010369
0 0.437500 0.230415 0.012500 0.012673
0 0.612500 0.198157 0.026389 0.021889
0 0.512500 0.125576 0.019444 0.016129
0 0.481944 0.526498 0.022222 0.018433
0 0.716667 0.243088 0.029167 0.025346
0 0.827778 0.165899 0.019444 0.017281
0 0.461111 0.438940 0.020833 0.018433
0 0.863889 0.729263 0.020833 0.017281
0 0.477778 0.404378 0.022222 0.019585
0 0.615278 0.245392 0.019444 0.020737
0 0.491667 0.222350 0.023611 0.023041
0 0.644444 0.324885 0.016667 0.013825
0 0.350000 0.155530 0.026389 0.017281
