0 0.611111 0.529954 0.013889 0.010369
0 0.437500 0.414747 0.013889 0.010369
0 0.493056 0.264977 0.015278 0.010369
0 0.534722 0.645161 0.015278 0.013825
0 0.701389 0.552995 0.013889 0.011521
0 0.437500 0.230415 0.016667 0.012673
0 0.609722 0.223502 0.015278 0.013825
0 0.491667 0.144009 0.022222 0.017281
0 0.468056 0.549539 0.018056 0.021889
0 0.747222 0.237327 0.020833 0.020737
0 0.526389 0.472350 0.023611 0.020737
0 0.437500 0.458525 0.018056 0.014977
0 0.543056 0.226959 0.026389 0.016129
0 0.630556 0.321429 0.020833 0.017281
0 0.548611 0.453917 0.018056 0.018433
0 0.734722 0.103687 0.027778 0.023041
