0 0.611111 0.529954 0.013889 0.010369
0 0.437500 0.414747 0.015278 0.012673
0 0.493056 0.264977 0.011111 0.009217
0 0.534722 0.645161 0.015278 0.011521
0 0.701389 0.552995 0.013889 0.013825
0 0.437500 0.230415 0.015278 0.011521
0 0.608333 0.235023 0.025000 0.020737
0 0.483333 0.152074 0.023611 0.021889
0 0.462500 0.559908 0.020833 0.018433
0 0.761111 0.235023 0.022222 0.021889
0 0.555556 0.487327 0.023611 0.023041
0 0.419444 0.482719 0.020833 0.020737
0 0.509722 0.217742 0.019444 0.018433
0 0.694444 0.366359 0.020833 0.020737
0 0.504167 0.512673 0.019444 0.019585
