0 0.611111 0.529954 0.015278 0.011521
0 0.437500 0.414747 0.012500 0.009217
0 0.493056 0.264977 0.012500 0.012673
0 0.534722 0.645161 0.015278 0.013825
0 0.701389 0.552995 0.016667 0.010369
0 0.437500 0.230415 0.013889 0.010369
0 0.611111 0.214286 0.020833 0.019585
0 0.500000 0.137097 0.013889 0.014977
0 0.473611 0.540323 0.018056 0.019585
0 0.736111 0.239631 0.025000 0.021889
0 0.502778 0.459677 0.020833 0.019585
0 0.906944 0.746544 0.020833 0.017281
0 0.452778 0.438940 0.023611 0.023041
0 0.569444 0.233871 0.020833 0.023041
0 0.580556 0.285714 0.018056 0.016129
0 0.583333 0.406682 0.020833 0.024194
0 0.781944 0.142857 0.020833 0.019585
