0 0.611111 0.529954 0.018056 0.012673
0 0.437500 0.414747 0.011111 0.012673
0 0.493056 0.264977 0.013889 0.010369
0 0.534722 0.645161 0.013889 0.011521
0 0.701389 0.552995 0.015278 0.012673
0 0.437500 0.230415 0.012500 0.009217
0 0.615278 0.161290 0.023611 0.018433
0 0.579167 0.158986 0.022222 0.021889
0 0.673611 0.251152 0.020833 0.020737
0 0.716667 0.154378 0.016667 0.012673
0 0.366667 0.389401 0.030556 0.026498
0 0.763889 0.690092 0.022222 0.021889
0 0.537500 0.327189 0.020833 0.017281
0 0.722222 0.273041 0.020833 0.018433
0 0.784722 0.137097 0.022222 0.019585
0 0.431944 0.366359 0.026389 0.020737
