0 0.611111 0.529954 0.015278 0.011521
0 0.437500 0.414747 0.012500 0.010369
0 0.493056 0.264977 0.011111 0.010369
0 0.534722 0.645161 0.013889 0.010369
0 0.701389 0.552995 0.012500 0.011521
0 0.437500 0.230415 0.012500 0.013825
0 0.611111 0.205069 0.019444 0.017281
0 0.506944 0.130184 0.022222 0.026498
0 0.477778 0.532258 0.019444 0.020737
0 0.725000 0.240783 0.015278 0.013825
0 0.847222 0.168203 0.020833 0.020737
0 0.479167 0.447005 0.020833 0.020737
0 0.881944 0.736175 0.015278 0.013825
0 0.466667 0.419355 0.020833 0.017281
0 0.595833 0.240783 0.026389 0.020737
0 0.530556 0.248848 0.020833 0.019585
0 0.618056 0.360599 0.015278 0.013825
0 0.829167 0.182028 0.016667 0.017281
