0 0.611111 0.529954 0.015278 0.013825
0 0.437500 0.414747 0.012500 0.010369
0 0.493056 0.264977 0.013889 0.008065
0 0.534722 0.645161 0.013889 0.009217
0 0.701389 0.552995 0.012500 0.012673
0 0.437500 0.230415 0.013889 0.011521
0 0.608333 0.239631 0.026389 0.020737
0 0.479167 0.155530 0.016667 0.016129
0 0.459722 0.563364 0.018056 0.019585
0 0.766667 0.233871 0.022222 0.026498
0 0.568056 0.493088 0.022222 0.019585
0 0.411111 0.493088 0.023611 0.018433
0 0.495833 0.214286 0.019444 0.016129
0 0.719444 0.384793 0.020833 0.020737
0 0.486111 0.536866 0.023611 0.021889
