0 0.611111 0.529954 0.011111 0.010369
0 0.437500 0.414747 0.013889 0.013825
0 0.493056 0.264977 0.013889 0.011521
0 0.534722 0.645161 0.013889 0.012673
0 0.701389 0.552995 0.013889 0.012673
0 0.437500 0.230415 0.013889 0.008065
0 0.606944 0.246544 0.022222 0.016129
0 0.473611 0.161290 0.019444 0.021889
0 0.456944 0.570276 0.020833 0.021889
0 0.773611 0.231567 0.027778 0.019585
0 0.584722 0.502304 0.019444 0.016129
0 0.400000 0.506912 0.020833 0.017281
0 0.476389 0.209677 0.020833 0.020737
0 0.756944 0.412442 0.026389 0.014977
0 0.461111 0.571429 0.026389 0.024194
