0 0.611111 0.529954 0.015278 0.010369
0 0.437500 0.414747 0.012500 0.011521
0 0.493056 0.264977 0.013889 0.009217
0 0.534722 0.645161 0.013889 0.008065
0 0.701389 0.552995 0.013889 0.012673
0 0.437500 0.230415 0.015278 0.009217
0 0.613889 0.179724 0.022222 0.023041
0 0.590278 0.142857 0.013889 0.014977
0 0.527778 0.111751 0.025000 0.023041
0 0.491667 0.509217 0.020833 0.023041
0 0.695833 0.246544 0.019444 0.017281
0 0.772222 0.160138 0.026389 0.021889
0 0.413889 0.413594 0.015278 0.013825
0 0.813889 0.709677 0.026389 0.021889
0 0.508333 0.366359 0.026389 0.021889
0 0.669444 0.259217 0.022222 0.023041
0 0.391667 0.149770 0.022222 0.024194
0 0.715278 0.230415 0.018056 0.018433
0 0.390278 0.261521 0.022222 0.016129
