0 0.611111 0.529954 0.015278 0.010369
0 0.437500 0.414747 0.012500 0.010369
0 0.493056 0.264977 0.012500 0.009217
0 0.534722 0.645161 0.012500 0.012673
0 0.701389 0.552995 0.015278 0.012673
0 0.437500 0.230415 0.015278 0.010369
0 0.608333 0.237327 0.022222 0.014977
0 0.480556 0.154378 0.020833 0.018433
0 0.461111 0.561060 0.018056 0.018433
0 0.763889 0.233871 0.018056 0.017281
0 0.561111 0.489631 0.018056 0.019585
0 0.415278 0.487327 0.027778 0.027650
0 0.502778 0.216590 0.022222 0.019585
0 0.706944 0.375576 0.018056 0.019585
0 0.495833 0.524194 0.018056 0.018433
