0 0.611111 0.529954 0.013889 0.010369
0 0.437500 0.414747 0.011111 0.010369
0 0.493056 0.264977 0.013889 0.014977
0 0.534722 0.645161 0.013889 0.010369
0 0.701389 0.552995 0.015278 0.011521
0 0.437500 0.230415 0.012500 0.009217
0 0.615278 0.165899 0.018056 0.017281
0 0.581944 0.155530 0.020833 0.020737
0 0.498611 0.496544 0.022222 0.020737
0 0.679167 0.250000 0.022222 0.018433
0 0.730556 0.155530 0.023611 0.020737
0 0.379167 0.396313 0.022222 0.023041
0 0.776389 0.694700 0.020833 0.024194
0 0.530556 0.336406 0.037500 0.023041
0 0.708333 0.269585 0.019444 0.017281
0 0.768056 0.160138 0.015278 0.013825
0 0.420833 0.339862 0.018056 0.020737
