0 0.611111 0.529954 0.016667 0.012673
0 0.437500 0.414747 0.013889 0.011521
0 0.493056 0.264977 0.012500 0.011521
0 0.534722 0.645161 0.013889 0.009217
0 0.701389 0.552995 0.013889 0.011521
0 0.437500 0.230415 0.013889 0.010369
0 0.613889 0.175115 0.018056 0.019585
0 0.587500 0.147465 0.013889 0.014977
0 0.493056 0.505760 0.020833 0.018433
0 0.690278 0.247696 0.020833 0.019585
0 0.758333 0.158986 0.019444 0.018433
0 0.402778 0.407834 0.020833 0.020737
0 0.801389 0.703917 0.020833 0.020737
0 0.515278 0.355991 0.022222 0.018433
0 0.681944 0.262673 0.023611 0.020737
0 0.366667 0.132488 0.019444 0.017281
0 0.731944 0.207373 0.018056 0.013825
0 0.401389 0.288018 0.015278 0.014977
