0 0.611111 0.529954 0.012500 0.010369
0 0.437500 0.414747 0.015278 0.012673
0 0.493056 0.264977 0.015278 0.011521
0 0.534722 0.645161 0.013889 0.011521
0 0.701389 0.552995 0.015278 0.012673
0 0.437500 0.230415 0.013889 0.011521
0 0.608333 0.230415 0.022222 0.018433
0 0.486111 0.148618 0.023611 0.019585
0 0.465278 0.555300 0.026389 0.023041
0 0.755556 0.235023 0.019444 0.018433
0 0.544444 0.480415 0.022222 0.025346
0 0.426389 0.473502 0.023611 0.023041
0 0.523611 0.221198 0.022222 0.021889
0 0.669444 0.349078 0.019444 0.017281
0 0.522222 0.489631 0.025000 0.021889
