0 0.611111 0.529954 0.013889 0.011521
0 0.437500 0.414747 0.015278 0.011521
0 0.493056 0.264977 0.012500 0.009217
0 0.534722 0.645161 0.016667 0.010369
0 0.701389 0.552995 0.011111 0.009217
0 0.437500 0.230415 0.012500 0.010369
0 0.613889 0.184332 0.022222 0.023041
0 0.593056 0.139401 0.020833 0.017281
0 0.523611 0.115207 0.020833 0.021889
0 0.488889 0.513825 0.019444 0.016129
0 0.701389 0.246544 0.023611 0.020737
0 0.786111 0.161290 0.020833 0.019585
0 0.426389 0.420507 0.022222 0.021889
0 0.826389 0.714286 0.020833 0.020737
0 0.500000 0.375576 0.020833 0.018433
0 0.655556 0.255760 0.020833 0.023041
0 0.416667 0.168203 0.022222 0.024194
0 0.697222 0.254608 0.020833 0.021889
0 0.380556 0.235023 0.015278 0.014977
