0 0.611111 0.529954 0.013889 0.009217
0 0.437500 0.414747 0.013889 0.012673
0 0.493056 0.264977 0.015278 0.011521
0 0.534722 0.645161 0.013889 0.010369
0 0.701389 0.552995 0.015278 0.010369
0 0.437500 0.230415 0.013889 0.010369
0 0.608333 0.232719 0.016667 0.012673
0 0.484722 0.150922 0.026389 0.020737
0 0.463889 0.557604 0.020833 0.017281
0 0.758333 0.235023 0.020833 0.017281
0 0.550000 0.483871 0.016667 0.018433
0 0.422222 0.478111 0.023611 0.021889
0 0.516667 0.220046 0.019444 0.016129
0 0.681944 0.357143 0.025000 0.020737
0 0.512500 0.501152 0.022222 0.026498
