0 0.611111 0.529954 0.013889 0.010369
0 0.437500 0.414747 0.015278 0.009217
0 0.493056 0.264977 0.015278 0.012673
0 0.534722 0.645161 0.013889 0.011521
0 0.701389 0.552995 0.015278 0.010369
0 0.437500 0.230415 0.012500 0.009217
0 0.611111 0.209677 0.026389 0.026498
0 0.504167 0.133641 0.018056 0.017281
0 0.475000 0.536866 0.022222 0.024194
0 0.730556 0.240783 0.026389 0.021889
0 0.490278 0.453917 0.022222 0.021889
0 0.894444 0.741935 0.020833 0.024194
0 0.459722 0.429724 0.015278 0.013825
0 0.583333 0.237327 0.020833 0.017281
0 0.555556 0.267281 0.026389 0.019585
0 0.601389 0.383641 0.019444 0.016129
0 0.805556 0.162442 0.020833 0.019585
