0 0.611111 0.529954 0.015278 0.011521
0 0.437500 0.414747 0.013889 0.010369
0 0.493056 0.264977 0.015278 0.009217
0 0.534722 0.645161 0.012500 0.012673
0 0.701389 0.552995 0.012500 0.010369
0 0.437500 0.230415 0.012500 0.013825
0 0.606944 0.244240 0.020833 0.019585
0 0.475000 0.158986 0.023611 0.023041
0 0.458333 0.567972 0.026389 0.020737
0 0.770833 0.232719 0.016667 0.013825
0 0.579167 0.498848 0.022222 0.018433
0 0.404167 0.502304 0.019444 0.017281
0 0.483333 0.210829 0.020833 0.020737
0 0.744444 0.403226 0.018056 0.017281
0 0.469444 0.559908 0.022222 0.019585
