0 0.611111 0.529954 0.012500 0.010369
0 0.437500 0.414747 0.013889 0.009217
0 0.493056 0.264977 0.015278 0.011521
0 0.534722 0.645161 0.015278 0.013825
0 0.701389 0.552995 0.015278 0.011521
0 0.437500 0.230415 0.011111 0.009217
0 0.608333 0.241935 0.026389 0.019585
0 0.477778 0.157834 0.022222 0.020737
0 0.459722 0.565668 0.020833 0.018433
0 0.768056 0.232719 0.020833 0.016129
0 0.573611 0.496544 0.019444 0.018433
0 0.408333 0.497696 0.023611 0.020737
0 0.490278 0.213134 0.019444 0.018433
0 0.731944 0.394009 0.019444 0.017281
0 0.477778 0.548387 0.016667 0.016129
