0 0.611111 0.529954 0.013889 0.009217
0 0.437500 0.414747 0.013889 0.010369
0 0.493056 0.264977 0.016667 0.011521
0 0.534722 0.645161 0.012500 0.010369
0 0.701389 0.552995 0.012500 0.010369
0 0.437500 0.230415 0.015278 0.011521
0 0.611111 0.211982 0.023611 0.019585
0 0.501389 0.135945 0.023611 0.024194
0 0.475000 0.539171 0.020833 0.023041
0 0.733333 0.239631 0.023611 0.023041
0 0.497222 0.456221 0.020833 0.018433
0 0.901389 0.744240 0.022222 0.024194
0 0.455556 0.434332 0.025000 0.019585
0 0.576389 0.235023 0.022222 0.026498
0 0.568056 0.276498 0.020833 0.017281
0 0.591667 0.395161 0.025000 0.020737
0 0.794444 0.152074 0.019444 0.016129
