0 0.506944 0.311060 0.015278 0.011521
0 0.541667 0.576037 0.011111 0.010369
0 0.750000 0.253456 0.015278 0.012673
0 0.527778 0.311060 0.012500 0.011521
0 0.680556 0.576037 0.013889 0.012673
0 0.534722 0.253456 0.015278 0.009217
0 0.950000 0.820276 0.023611 0.021889
0 0.350000 0.178571 0.022222 0.025346
0 0.566667 0.171659 0.019444 0.017281
0 0.598611 0.426267 0.020833 0.018433
0 0.516667 0.359447 0.020833 0.020737
0 0.358333 0.753456 0.026389 0.021889
0 0.650000 0.372120 0.020833 0.018433
0 0.533333 0.228111 0.023611 0.020737
