0 0.506944 0.311060 0.015278 0.013825
0 0.541667 0.576037 0.015278 0.012673
0 0.750000 0.253456 0.015278 0.012673
0 0.527778 0.311060 0.015278 0.011521
0 0.680556 0.576037 0.012500 0.012673
0 0.534722 0.253456 0.012500 0.010369
0 0.927778 0.867512 0.022222 0.021889
0 0.370833 0.226959 0.022222 0.019585
0 0.598611 0.214286 0.018056 0.019585
0 0.537500 0.427419 0.026389 0.023041
0 0.577778 0.366359 0.020833 0.017281
0 0.694444 0.493088 0.018056 0.019585
0 0.686111 0.221198 0.020833 0.017281
0 0.487500 0.229263 0.020833 0.014977
