0 0.506944 0.311060 0.011111 0.011521
0 0.541667 0.576037 0.012500 0.010369
0 0.750000 0.253456 0.012500 0.010369
0 0.527778 0.311060 0.013889 0.012673
0 0.680556 0.576037 0.015278 0.011521
0 0.534722 0.253456 0.012500 0.010369
0 0.936111 0.849078 0.027778 0.025346
0 0.362500 0.207373 0.020833 0.021889
0 0.584722 0.197005 0.020833 0.021889
0 0.562500 0.427419 0.025000 0.025346
0 0.552778 0.362903 0.019444 0.016129
0 0.676389 0.443548 0.022222 0.026498
0 0.623611 0.223502 0.020833 0.019585
0 0.629167 0.256912 0.020833 0.020737
0 0.337500 0.239631 0.022222 0.020737
