0 0.506944 0.311060 0.013889 0.010369
0 0.541667 0.576037 0.013889 0.014977
0 0.750000 0.253456 0.012500 0.013825
0 0.527778 0.311060 0.012500 0.011521
0 0.680556 0.576037 0.012500 0.008065
0 0.534722 0.253456 0.015278 0.012673
0 0.929167 0.864055 0.022222 0.024194
0 0.369444 0.222350 0.013889 0.014977
0 0.595833 0.210829 0.018056 0.013825
0 0.543056 0.427419 0.015278 0.013825
0 0.572222 0.365207 0.020833 0.020737
0 0.690278 0.481567 0.026389 0.021889
0 0.672222 0.221198 0.016667 0.019585
0 0.602778 0.351382 0.020833 0.017281
0 0.454167 0.231567 0.019444 0.016129
