0 0.506944 0.311060 0.015278 0.011521
0 0.541667 0.576037 0.013889 0.012673
0 0.750000 0.253456 0.012500 0.012673
0 0.527778 0.311060 0.013889 0.010369
0 0.680556 0.576037 0.015278 0.011521
0 0.534722 0.253456 0.015278 0.012673
0 0.951389 0.816820 0.025000 0.020737
0 0.347222 0.175115 0.020833 0.020737
0 0.563889 0.167051 0.020833 0.020737
0 0.604167 0.426267 0.023611 0.020737
0 0.511111 0.358295 0.019444 0.018433
0 0.372222 0.756912 0.018056 0.019585
0 0.645833 0.360599 0.023611 0.020737
0 0.519444 0.228111 0.020833 0.017281
0 0.436111 0.072581 0.022222 0.019585
0 0.758333 0.126728 0.019444 0.017281
