0 0.506944 0.311060 0.015278 0.012673
0 0.541667 0.576037 0.013889 0.010369
0 0.750000 0.253456 0.015278 0.009217
0 0.527778 0.311060 0.013889 0.013825
0 0.680556 0.576037 0.012500 0.013825
0 0.534722 0.253456 0.013889 0.014977
0 0.933333 0.854839 0.020833 0.020737
0 0.365278 0.213134 0.022222 0.019585
0 0.588889 0.202765 0.022222 0.023041
0 0.554167 0.427419 0.023611 0.023041
0 0.561111 0.364055 0.025000 0.024194
0 0.681944 0.459677 0.016667 0.016129
0 0.644444 0.223502 0.022222 0.018433
0 0.618056 0.297235 0.020833 0.019585
0 0.387500 0.236175 0.026389 0.020737
