0 0.506944 0.311060 0.013889 0.011521
0 0.541667 0.576037 0.013889 0.012673
0 0.750000 0.253456 0.015278 0.012673
0 0.527778 0.311060 0.012500 0.010369
0 0.680556 0.576037 0.015278 0.011521
0 0.534722 0.253456 0.013889 0.013825
0 0.940278 0.839862 0.020833 0.018433
0 0.358333 0.198157 0.026389 0.020737
0 0.579167 0.188940 0.022222 0.020737
0 0.573611 0.426267 0.018056 0.016129
0 0.541667 0.361751 0.019444 0.016129
0 0.336111 0.118664 0.018056 0.021889
0 0.668056 0.421659 0.023611 0.020737
0 0.595833 0.224654 0.020833 0.017281
0 0.644444 0.202765 0.015278 0.016129
