0 0.506944 0.311060 0.012500 0.010369
0 0.541667 0.576037 0.013889 0.009217
0 0.750000 0.253456 0.015278 0.010369
0 0.527778 0.311060 0.012500 0.010369
0 0.680556 0.576037 0.013889 0.009217
0 0.534722 0.253456 0.012500 0.010369
0 0.938889 0.842166 0.016667 0.018433
0 0.359722 0.200461 0.026389 0.020737
0 0.580556 0.191244 0.018056 0.016129
0 0.570833 0.426267 0.020833 0.018433
0 0.544444 0.362903 0.026389 0.020737
0 0.669444 0.426267 0.019444 0.021889
0 0.602778 0.224654 0.022222 0.018433
0 0.640278 0.216590 0.022222 0.020737
