0 0.506944 0.311060 0.013889 0.011521
0 0.541667 0.576037 0.012500 0.012673
0 0.750000 0.253456 0.013889 0.011521
0 0.527778 0.311060 0.012500 0.010369
0 0.680556 0.576037 0.016667 0.009217
0 0.534722 0.253456 0.012500 0.011521
0 0.954167 0.809908 0.019444 0.019585
0 0.344444 0.168203 0.022222 0.017281
0 0.559722 0.161290 0.018056 0.016129
0 0.502778 0.358295 0.016667 0.017281
0 0.638889 0.344470 0.019444 0.020737
0 0.498611 0.229263 0.022222 0.023041
0 0.411111 0.108295 0.020833 0.020737
0 0.743056 0.165899 0.020833 0.020737
