0 0.506944 0.311060 0.013889 0.011521
0 0.541667 0.576037 0.015278 0.011521
0 0.750000 0.253456 0.013889 0.010369
0 0.527778 0.311060 0.015278 0.012673
0 0.680556 0.576037 0.015278 0.012673
0 0.534722 0.253456 0.016667 0.011521
0 0.934722 0.850230 0.020833 0.024194
0 0.363889 0.209677 0.023611 0.024194
0 0.586111 0.199309 0.019444 0.020737
0 0.559722 0.427419 0.020833 0.020737
0 0.555556 0.364055 0.026389 0.021889
0 0.677778 0.448157 0.018056 0.019585
0 0.630556 0.223502 0.022222 0.021889
0 0.626389 0.270737 0.019444 0.014977
0 0.354167 0.238479 0.023611 0.020737
