0 0.506944 0.311060 0.013889 0.012673
0 0.541667 0.576037 0.009722 0.010369
0 0.750000 0.253456 0.016667 0.011521
0 0.527778 0.311060 0.015278 0.012673
0 0.680556 0.576037 0.013889 0.008065
0 0.534722 0.253456 0.011111 0.010369
0 0.941667 0.837558 0.019444 0.016129
0 0.356944 0.195853 0.023611 0.024194
0 0.577778 0.186636 0.020833 0.018433
0 0.576389 0.426267 0.023611 0.023041
0 0.538889 0.361751 0.020833 0.017281
0 0.338889 0.124424 0.027778 0.024194
0 0.665278 0.415899 0.023611 0.025346
0 0.588889 0.225806 0.018056 0.017281
0 0.648611 0.188940 0.025000 0.021889
