0 0.506944 0.311060 0.013889 0.010369
0 0.541667 0.576037 0.011111 0.009217
0 0.750000 0.253456 0.011111 0.011521
0 0.527778 0.311060 0.015278 0.011521
0 0.680556 0.576037 0.012500 0.009217
0 0.534722 0.253456 0.015278 0.012673
0 0.931944 0.857143 0.016667 0.016129
0 0.366667 0.215438 0.026389 0.020737
0 0.590278 0.205069 0.019444 0.017281
0 0.551389 0.427419 0.016667 0.012673
0 0.563889 0.364055 0.020833 0.017281
0 0.684722 0.465438 0.022222 0.023041
0 0.651389 0.222350 0.022222 0.021889
0 0.615278 0.311060 0.019444 0.020737
0 0.404167 0.235023 0.020833 0.023041
