0 0.506944 0.311060 0.018056 0.010369
0 0.541667 0.576037 0.013889 0.011521
0 0.750000 0.253456 0.016667 0.012673
0 0.527778 0.311060 0.013889 0.012673
0 0.680556 0.576037 0.015278 0.009217
0 0.534722 0.253456 0.012500 0.012673
0 0.955556 0.807604 0.019444 0.017281
0 0.344444 0.165899 0.020833 0.017281
0 0.558333 0.158986 0.020833 0.024194
0 0.500000 0.357143 0.026389 0.020737
0 0.637500 0.338710 0.025000 0.024194
0 0.491667 0.229263 0.019444 0.018433
0 0.402778 0.120968 0.016667 0.016129
0 0.737500 0.178571 0.018056 0.019585
