0 0.506944 0.311060 0.013889 0.008065
0 0.541667 0.576037 0.011111 0.011521
0 0.750000 0.253456 0.013889 0.010369
0 0.527778 0.311060 0.015278 0.009217
0 0.680556 0.576037 0.015278 0.011521
0 0.534722 0.253456 0.012500 0.012673
0 0.937500 0.846774 0.019444 0.017281
0 0.361111 0.205069 0.020833 0.020737
0 0.583333 0.194700 0.025000 0.020737
0 0.565278 0.427419 0.020833 0.017281
0 0.550000 0.362903 0.019444 0.017281
0 0.673611 0.437788 0.020833 0.025346
0 0.616667 0.224654 0.020833 0.021889
0 0.633333 0.243088 0.020833 0.017281
0 0.322222 0.240783 0.020833 0.020737
