0 0.506944 0.311060 0.013889 0.011521
0 0.541667 0.576037 0.018056 0.010369
0 0.750000 0.253456 0.015278 0.012673
0 0.527778 0.311060 0.012500 0.010369
0 0.680556 0.576037 0.013889 0.010369
0 0.534722 0.253456 0.015278 0.012673
0 0.945833 0.827189 0.020833 0.018433
0 0.352778 0.185484 0.020833 0.018433
0 0.570833 0.177419 0.018056 0.014977
0 0.590278 0.426267 0.026389 0.020737
0 0.525000 0.360599 0.022222 0.021889
0 0.338889 0.748848 0.019444 0.017281
0 0.350000 0.152074 0.022222 0.021889
0 0.004167 0.841014 0.020833 0.019585
0 0.655556 0.388249 0.018056 0.019585
0 0.554167 0.226959 0.023611 0.024194
0 0.666667 0.122120 0.022222 0.018433
