0 0.506944 0.311060 0.015278 0.013825
0 0.541667 0.576037 0.015278 0.011521
0 0.750000 0.253456 0.011111 0.009217
0 0.527778 0.311060 0.015278 0.012673
0 0.680556 0.576037 0.011111 0.009217
0 0.534722 0.253456 0.013889 0.010369
0 0.943056 0.834101 0.016667 0.013825
0 0.355556 0.192396 0.020833 0.018433
0 0.575000 0.183180 0.027778 0.023041
0 0.581944 0.426267 0.016667 0.017281
0 0.533333 0.360599 0.019444 0.021889
0 0.343056 0.135945 0.013889 0.013825
0 0.011111 0.857143 0.022222 0.027650
0 0.662500 0.404378 0.022222 0.020737
0 0.575000 0.225806 0.023611 0.023041
0 0.655556 0.162442 0.026389 0.020737
