0 0.506944 0.311060 0.013889 0.009217
0 0.541667 0.576037 0.013889 0.012673
0 0.750000 0.253456 0.012500 0.012673
0 0.527778 0.311060 0.012500 0.009217
0 0.680556 0.576037 0.012500 0.011521
0 0.534722 0.253456 0.012500 0.010369
0 0.934722 0.852535 0.025000 0.019585
0 0.363889 0.210829 0.026389 0.020737
0 0.587500 0.200461 0.025000 0.017281
0 0.556944 0.427419 0.020833 0.017281
0 0.558333 0.364055 0.019444 0.016129
0 0.680556 0.453917 0.022222 0.021889
0 0.637500 0.223502 0.022222 0.024194
0 0.622222 0.283410 0.020833 0.018433
0 0.370833 0.237327 0.020833 0.014977
