0 0.506944 0.311060 0.012500 0.009217
0 0.541667 0.576037 0.011111 0.011521
0 0.750000 0.253456 0.015278 0.012673
0 0.527778 0.311060 0.012500 0.009217
0 0.680556 0.576037 0.012500 0.010369
0 0.534722 0.253456 0.013889 0.009217
0 0.944444 0.831797 0.025000 0.020737
0 0.354167 0.190092 0.020833 0.020737
0 0.573611 0.180876 0.026389 0.019585
0 0.584722 0.426267 0.020833 0.020737
0 0.530556 0.360599 0.026389 0.024194
0 0.345833 0.140553 0.019444 0.016129
0 0.008333 0.852535 0.020833 0.020737
0 0.659722 0.398618 0.022222 0.024194
0 0.568056 0.225806 0.020833 0.021889
0 0.659722 0.148618 0.020833 0.020737
