0 0.506944 0.311060 0.013889 0.012673
0 0.541667 0.576037 0.012500 0.010369
0 0.750000 0.253456 0.016667 0.012673
0 0.527778 0.311060 0.015278 0.013825
0 0.680556 0.576037 0.012500 0.010369
0 0.534722 0.253456 0.012500 0.010369
0 0.954167 0.812212 0.016667 0.016129
0 0.345833 0.170507 0.015278 0.013825
0 0.561111 0.163594 0.026389 0.021889
0 0.505556 0.358295 0.019444 0.018433
0 0.386111 0.760369 0.015278 0.014977
0 0.641667 0.349078 0.023611 0.023041
0 0.505556 0.229263 0.015278 0.013825
0 0.419444 0.096774 0.022222 0.019585
0 0.748611 0.153226 0.022222 0.020737
