0 0.506944 0.311060 0.013889 0.011521
0 0.541667 0.576037 0.015278 0.012673
0 0.750000 0.253456 0.012500 0.009217
0 0.527778 0.311060 0.011111 0.011521
0 0.680556 0.576037 0.015278 0.010369
0 0.534722 0.253456 0.011111 0.011521
0 0.950000 0.819124 0.020833 0.017281
0 0.348611 0.176267 0.019444 0.017281
0 0.565278 0.169355 0.026389 0.020737
0 0.601389 0.426267 0.022222 0.021889
0 0.513889 0.359447 0.023611 0.019585
0 0.365278 0.754608 0.019444 0.017281
0 0.647222 0.366359 0.026389 0.021889
0 0.526389 0.228111 0.016667 0.017281
