0 0.506944 0.311060 0.013889 0.012673
0 0.541667 0.576037 0.013889 0.009217
0 0.750000 0.253456 0.012500 0.011521
0 0.527778 0.311060 0.012500 0.013825
0 0.680556 0.576037 0.015278 0.011521
0 0.534722 0.253456 0.015278 0.012673
0 0.931944 0.859447 0.026389 0.021889
0 0.366667 0.217742 0.016667 0.016129
0 0.593056 0.206221 0.019444 0.017281
0 0.548611 0.427419 0.023611 0.024194
0 0.566667 0.365207 0.019444 0.017281
0 0.686111 0.471198 0.020833 0.017281
0 0.658333 0.222350 0.026389 0.020737
0 0.611111 0.323733 0.016667 0.013825
0 0.420833 0.233871 0.020833 0.017281
