0 0.506944 0.311060 0.015278 0.013825
0 0.541667 0.576037 0.016667 0.010369
0 0.750000 0.253456 0.015278 0.012673
0 0.527778 0.311060 0.013889 0.009217
0 0.680556 0.576037 0.011111 0.009217
0 0.534722 0.253456 0.015278 0.013825
0 0.943056 0.835253 0.018056 0.013825
0 0.356944 0.193548 0.020833 0.020737
0 0.576389 0.185484 0.020833 0.019585
0 0.579167 0.426267 0.015278 0.013825
0 0.536111 0.361751 0.023611 0.024194
0 0.340278 0.130184 0.023611 0.018433
0 0.663889 0.410138 0.020833 0.017281
0 0.581944 0.225806 0.020833 0.023041
0 0.651389 0.176267 0.015278 0.012673
