0 0.506944 0.311060 0.013889 0.012673
0 0.541667 0.576037 0.015278 0.011521
0 0.750000 0.253456 0.013889 0.011521
0 0.527778 0.311060 0.015278 0.013825
0 0.680556 0.576037 0.013889 0.013825
0 0.534722 0.253456 0.015278 0.010369
0 0.952778 0.814516 0.018056 0.016129
0 0.347222 0.172811 0.022222 0.027650
0 0.562500 0.164747 0.023611 0.025346
0 0.508333 0.358295 0.015278 0.013825
0 0.379167 0.758065 0.018056 0.013825
0 0.643056 0.354839 0.025000 0.024194
0 0.512500 0.228111 0.016667 0.018433
0 0.427778 0.085253 0.022222 0.018433
0 0.752778 0.139401 0.022222 0.024194
