0 0.506944 0.311060 0.013889 0.011521
0 0.541667 0.576037 0.013889 0.011521
0 0.750000 0.253456 0.013889 0.011521
0 0.527778 0.311060 0.015278 0.011521
0 0.680556 0.576037 0.012500 0.011521
0 0.534722 0.253456 0.011111 0.011521
0 0.926389 0.869816 0.026389 0.020737
0 0.372222 0.228111 0.019444 0.017281
0 0.600000 0.216590 0.023611 0.023041
0 0.534722 0.427419 0.019444 0.017281
0 0.580556 0.366359 0.019444 0.018433
0 0.697222 0.497696 0.023611 0.020737
0 0.693056 0.221198 0.025000 0.018433
0 0.504167 0.228111 0.026389 0.020737
