0 0.506944 0.311060 0.013889 0.008065
0 0.541667 0.576037 0.012500 0.009217
0 0.750000 0.253456 0.013889 0.012673
0 0.527778 0.311060 0.015278 0.011521
0 0.680556 0.576037 0.012500 0.010369
0 0.534722 0.253456 0.013889 0.008065
0 0.945833 0.829493 0.020833 0.018433
0 0.354167 0.187788 0.020833 0.020737
0 0.572222 0.178571 0.020833 0.018433
0 0.587500 0.426267 0.023611 0.020737
0 0.527778 0.360599 0.020833 0.021889
0 0.331944 0.746544 0.016667 0.014977
0 0.347222 0.146313 0.029167 0.035714
0 0.006944 0.846774 0.020833 0.020737
0 0.658333 0.394009 0.026389 0.021889
0 0.561111 0.226959 0.019444 0.017281
0 0.662500 0.135945 0.023611 0.021889
