0 0.506944 0.311060 0.013889 0.012673
0 0.541667 0.576037 0.012500 0.009217
0 0.750000 0.253456 0.013889 0.012673
0 0.527778 0.311060 0.012500 0.010369
0 0.680556 0.576037 0.013889 0.012673
0 0.534722 0.253456 0.012500 0.012673
0 0.948611 0.822581 0.020833 0.018433
0 0.350000 0.180876 0.023611 0.023041
0 0.568056 0.172811 0.027778 0.019585
0 0.595833 0.426267 0.019444 0.020737
0 0.519444 0.359447 0.018056 0.018433
0 0.351389 0.752304 0.020833 0.018433
0 0.651389 0.376728 0.020833 0.020737
0 0.540278 0.226959 0.026389 0.021889
0 0.675000 0.095622 0.019444 0.019585
