0 0.506944 0.311060 0.011111 0.011521
0 0.541667 0.576037 0.012500 0.010369
0 0.750000 0.253456 0.012500 0.010369
0 0.527778 0.311060 0.015278 0.011521
0 0.680556 0.576037 0.015278 0.010369
0 0.534722 0.253456 0.012500 0.009217
0 0.947222 0.824885 0.020833 0.018433
0 0.351389 0.183180 0.025000 0.021889
0 0.569444 0.175115 0.019444 0.017281
0 0.593056 0.426267 0.016667 0.017281
0 0.522222 0.359447 0.022222 0.020737
0 0.345833 0.750000 0.018056 0.013825
0 0.352778 0.157834 0.023611 0.023041
0 0.002778 0.836406 0.015278 0.014977
0 0.654167 0.382488 0.015278 0.013825
0 0.547222 0.226959 0.016667 0.018433
0 0.670833 0.108295 0.026389 0.020737
