0 0.506944 0.311060 0.012500 0.010369
0 0.541667 0.576037 0.015278 0.013825
0 0.750000 0.253456 0.015278 0.010369
0 0.527778 0.311060 0.012500 0.010369
0 0.680556 0.576037 0.013889 0.011521
0 0.534722 0.253456 0.013889 0.013825
0 0.927778 0.866359 0.020833 0.021889
0 0.369444 0.224654 0.023611 0.019585
0 0.597222 0.213134 0.026389 0.020737
0 0.540278 0.427419 0.016667 0.014977
0 0.575000 0.365207 0.020833 0.019585
0 0.693056 0.487327 0.023611 0.020737
0 0.679167 0.221198 0.026389 0.020737
0 0.600000 0.364055 0.026389 0.023041
0 0.470833 0.230415 0.022222 0.020737
