0 0.506944 0.311060 0.012500 0.011521
0 0.541667 0.576037 0.015278 0.011521
0 0.750000 0.253456 0.009722 0.010369
0 0.527778 0.311060 0.012500 0.009217
0 0.680556 0.576037 0.015278 0.012673
0 0.534722 0.253456 0.013889 0.011521
0 0.938889 0.844470 0.018056 0.019585
0 0.359722 0.202765 0.020833 0.020737
0 0.581944 0.192396 0.019444 0.018433
0 0.568056 0.426267 0.019444 0.018433
0 0.547222 0.362903 0.027778 0.016129
0 0.672222 0.432028 0.018056 0.016129
0 0.609722 0.224654 0.015278 0.013825
0 0.637500 0.229263 0.020833 0.020737
