0 0.506944 0.311060 0.013889 0.010369
0 0.541667 0.576037 0.013889 0.010369
0 0.750000 0.253456 0.012500 0.011521
0 0.527778 0.311060 0.015278 0.012673
0 0.680556 0.576037 0.013889 0.012673
0 0.534722 0.253456 0.013889 0.011521
0 0.930556 0.861751 0.026389 0.021889
0 0.368056 0.220046 0.023611 0.021889
0 0.594444 0.208525 0.018056 0.013825
0 0.545833 0.427419 0.016667 0.013825
0 0.569444 0.365207 0.019444 0.017281
0 0.688889 0.475806 0.029167 0.035714
0 0.665278 0.222350 0.026389 0.027650
0 0.606944 0.337558 0.022222 0.026498
0 0.437500 0.232719 0.022222 0.017281
