0 0.561780 0.648919 0.015202 0.010702
0 0.340201 0.521126 0.006218 0.013157
0 0.333006 0.577927 0.009611 0.013607
0 0.546769 0.647958 0.014820 0.010110
0 0.427144 0.655988 0.017897 0.013242
0 0.575505 0.661713 0.017961 0.012456
0 0.451212 0.506614 0.008087 0.006087
0 0.445032 0.489984 0.011458 0.008994
0 0.542981 0.557937 0.013042 0.012995
0 0.485747 0.633010 0.016125 0.011311
0 0.329322 0.692846 0.034169 0.032007
0 0.323725 0.689010 0.026939 0.025889
0 0.300729 0.606211 0.025369 0.034712
0 0.478694 0.557628 0.012277 0.013366
0 0.484492 0.537945 0.007316 0.009202
0 0.369040 0.558449 0.012957 0.015850
