0 0.561780 0.648919 0.015202 0.010702
0 0.340229 0.521132 0.006401 0.014551
0 0.333072 0.577937 0.012690 0.018462
0 0.546776 0.647904 0.017400 0.010921
0 0.427144 0.655988 0.017897 0.013242
0 0.575509 0.661740 0.016551 0.011799
0 0.453282 0.495945 0.011398 0.007386
0 0.504594 0.626105 0.017244 0.011492
0 0.361686 0.708798 0.026952 0.022152
0 0.572422 0.549914 0.014561 0.015004
0 0.431789 0.508651 0.009655 0.009988
0 0.352319 0.675908 0.029681 0.027251
0 0.348847 0.633794 0.026540 0.027778
0 0.414751 0.484663 0.011592 0.012864
