0 0.561659 0.648648 0.014959 0.010160
0 0.340485 0.521099 0.006786 0.013210
0 0.333358 0.577823 0.013876 0.020134
0 0.546745 0.647950 0.014474 0.009012
0 0.427033 0.656269 0.016316 0.012098
0 0.575376 0.661474 0.016285 0.011267
0 0.512098 0.622221 0.015994 0.012313
0 0.377981 0.715338 0.031418 0.023900
0 0.472179 0.553159 0.009743 0.010278
0 0.586825 0.537963 0.012849 0.014805
0 0.419249 0.516017 0.012212 0.012551
0 0.364104 0.667758 0.021916 0.019594
0 0.374488 0.641806 0.025894 0.024405
0 0.435096 0.545564 0.013005 0.013432
