0 0.561654 0.648595 0.017551 0.011232
0 0.340485 0.521099 0.006786 0.013210
0 0.333055 0.577918 0.010969 0.016520
0 0.546773 0.647932 0.016110 0.010516
0 0.427060 0.656232 0.017192 0.011690
0 0.575399 0.661484 0.016771 0.012310
0 0.450713 0.507183 0.009387 0.007225
0 0.443797 0.488773 0.011023 0.009224
0 0.544567 0.557888 0.016214 0.016000
0 0.484466 0.633031 0.020936 0.012526
0 0.325147 0.690782 0.028251 0.027043
0 0.319753 0.689919 0.031199 0.030270
0 0.296945 0.603655 0.020966 0.027746
0 0.472358 0.558982 0.009606 0.009374
0 0.367534 0.569128 0.016077 0.020171
