0 0.561659 0.648671 0.013662 0.009624
0 0.340512 0.521107 0.006968 0.014602
0 0.333358 0.577823 0.013876 0.020134
0 0.546747 0.647924 0.015764 0.009418
0 0.427035 0.656243 0.017679 0.012732
0 0.575505 0.661713 0.017961 0.012456
0 0.452608 0.502307 0.011182 0.006925
0 0.448915 0.493290 0.012905 0.009055
0 0.536959 0.558917 0.011856 0.012462
0 0.495272 0.629961 0.022501 0.011655
0 0.345285 0.701482 0.034095 0.029349
0 0.556728 0.558731 0.012931 0.012961
0 0.445130 0.503041 0.006620 0.006082
0 0.338251 0.682694 0.042533 0.040244
0 0.324953 0.622738 0.027133 0.032242
0 0.506496 0.543585 0.007607 0.011667
0 0.385543 0.514345 0.011420 0.015187
