0 0.561657 0.648623 0.016255 0.010696
0 0.340576 0.521120 0.007333 0.017384
0 0.333010 0.577964 0.012377 0.016037
0 0.546745 0.647950 0.014474 0.009012
0 0.427066 0.656202 0.018555 0.012324
0 0.575511 0.661764 0.015140 0.011142
0 0.453180 0.500456 0.010975 0.007769
0 0.450806 0.494533 0.009824 0.007406
0 0.498832 0.628676 0.019892 0.010507
0 0.351466 0.704301 0.031491 0.025953
0 0.563074 0.555862 0.015521 0.015641
0 0.440081 0.504977 0.009174 0.008004
0 0.343380 0.680079 0.036659 0.033773
0 0.334281 0.627260 0.023947 0.027298
0 0.515804 0.542514 0.010031 0.012549
0 0.396279 0.500963 0.013343 0.015429
