0 0.561780 0.648941 0.013903 0.010164
0 0.340482 0.521122 0.007927 0.013360
0 0.333289 0.577854 0.013566 0.017713
0 0.546773 0.647932 0.016110 0.010516
0 0.427085 0.656220 0.016706 0.010647
0 0.575530 0.661725 0.018448 0.013499
0 0.451991 0.505904 0.013325 0.008138
0 0.446099 0.490727 0.009118 0.008388
0 0.542142 0.557835 0.013466 0.013296
0 0.488066 0.632551 0.019385 0.011353
0 0.332870 0.695629 0.027430 0.025084
0 0.325317 0.687278 0.036406 0.035154
0 0.305741 0.610084 0.022400 0.029974
0 0.484299 0.555162 0.012062 0.013047
0 0.488422 0.539868 0.005729 0.007734
0 0.370763 0.548647 0.017279 0.023940
