0 0.561659 0.648691 0.012365 0.009087
0 0.340506 0.521157 0.009251 0.014902
0 0.333044 0.577941 0.012012 0.017006
0 0.546769 0.647958 0.014820 0.010110
0 0.427053 0.656282 0.014467 0.010420
0 0.575505 0.661713 0.017961 0.012456
0 0.452076 0.503193 0.008990 0.006844
0 0.448482 0.492387 0.010806 0.009459
0 0.538235 0.558718 0.010728 0.010592
0 0.492955 0.630700 0.014090 0.008186
0 0.342749 0.701162 0.028846 0.025539
0 0.448044 0.502024 0.012338 0.009124
0 0.334540 0.683705 0.031357 0.029771
0 0.319814 0.619480 0.027677 0.032459
0 0.501665 0.543381 0.006250 0.008815
0 0.381854 0.522203 0.012101 0.018190
