0 0.561780 0.648894 0.016501 0.011239
0 0.340176 0.521119 0.006036 0.011763
0 0.333072 0.577937 0.012690 0.018462
0 0.546743 0.647973 0.013183 0.008606
0 0.427033 0.656291 0.014953 0.011463
0 0.575353 0.661463 0.015799 0.010224
0 0.451960 0.494951 0.011054 0.008967
0 0.501163 0.627814 0.019807 0.011080
0 0.355315 0.706533 0.023792 0.019542
0 0.566515 0.553910 0.010979 0.011086
0 0.437362 0.505952 0.011820 0.011903
0 0.345334 0.677855 0.029697 0.027617
0 0.339889 0.629735 0.024123 0.026751
0 0.401851 0.494557 0.012196 0.014526
