0 0.561780 0.648941 0.013903 0.010164
0 0.340512 0.521107 0.006968 0.014602
0 0.333029 0.577923 0.010290 0.015064
0 0.546769 0.647958 0.014820 0.010110
0 0.427035 0.656243 0.017679 0.012732
0 0.575380 0.661498 0.014876 0.010611
0 0.454369 0.496912 0.010119 0.006618
0 0.505740 0.625456 0.018386 0.012822
0 0.365600 0.710609 0.040821 0.031471
0 0.471102 0.564441 0.011939 0.011631
0 0.575556 0.548338 0.016339 0.017062
0 0.429848 0.509510 0.010250 0.009777
0 0.354223 0.673644 0.030165 0.027396
0 0.354338 0.635854 0.022483 0.023287
0 0.421664 0.480935 0.011244 0.011722
