0 0.561805 0.648905 0.016941 0.012302
0 0.340512 0.521107 0.006968 0.014602
0 0.333072 0.577937 0.012690 0.018462
0 0.546721 0.647942 0.014128 0.007914
0 0.427056 0.656258 0.015830 0.011055
0 0.575380 0.661498 0.014876 0.010611
0 0.452418 0.504006 0.008513 0.006866
0 0.447373 0.491862 0.009558 0.008168
0 0.539640 0.558555 0.013116 0.013262
0 0.491689 0.631325 0.020197 0.010368
0 0.338750 0.698895 0.044837 0.040607
0 0.450555 0.500953 0.010453 0.006680
0 0.332708 0.685748 0.031717 0.029770
0 0.314859 0.615835 0.022465 0.028819
0 0.494931 0.548924 0.008202 0.010420
0 0.496655 0.543029 0.006359 0.010715
0 0.377510 0.530797 0.012367 0.018133
