0 0.561778 0.648866 0.017799 0.011775
0 0.340201 0.521126 0.006218 0.013157
0 0.333034 0.577964 0.013055 0.017493
0 0.546736 0.648012 0.010601 0.007793
0 0.427044 0.656184 0.020403 0.014001
0 0.575509 0.661740 0.016551 0.011799
0 0.452575 0.501355 0.008773 0.006328
0 0.450279 0.494039 0.009880 0.007554
0 0.497651 0.629703 0.014107 0.010015
0 0.349031 0.703788 0.040649 0.034255
0 0.560298 0.557251 0.016797 0.016827
0 0.442608 0.503790 0.009640 0.008122
0 0.340010 0.680783 0.029386 0.027402
0 0.330502 0.625546 0.025372 0.029487
0 0.511074 0.543581 0.006891 0.009045
0 0.390687 0.506948 0.009482 0.014891
