0 0.561780 0.648894 0.016501 0.011239
0 0.340539 0.521141 0.008291 0.016143
0 0.333034 0.577964 0.013055 0.017493
0 0.546769 0.647958 0.014820 0.010110
0 0.427035 0.656243 0.017679 0.012732
0 0.575500 0.661683 0.019372 0.013113
0 0.511065 0.622854 0.016952 0.011143
0 0.375711 0.714870 0.037362 0.027873
0 0.471920 0.555940 0.011163 0.011364
0 0.584076 0.541200 0.013117 0.014785
0 0.421909 0.514179 0.012462 0.014760
0 0.362502 0.669703 0.027648 0.024696
0 0.368842 0.640614 0.026685 0.025871
0 0.437334 0.538550 0.012687 0.012209
0 0.441360 0.474293 0.011549 0.010827
