0 0.561805 0.648905 0.016941 0.012302
0 0.340460 0.521092 0.006604 0.011818
0 0.333285 0.577812 0.010802 0.015286
0 0.546769 0.647958 0.014820 0.010110
0 0.427033 0.656269 0.016316 0.012098
0 0.575509 0.661740 0.016551 0.011799
0 0.454689 0.497356 0.010713 0.008384
0 0.507834 0.624895 0.013546 0.008265
0 0.367671 0.711454 0.035330 0.027720
0 0.471609 0.561853 0.011367 0.011813
0 0.578129 0.546159 0.012462 0.014018
0 0.426626 0.511221 0.009396 0.010803
0 0.357394 0.672866 0.034107 0.030814
0 0.359959 0.637626 0.025389 0.025578
0 0.427969 0.478449 0.010692 0.010623
