0 0.561682 0.648634 0.016695 0.011760
0 0.340512 0.521107 0.006968 0.014602
0 0.333285 0.577812 0.010802 0.015286
0 0.546776 0.647904 0.017400 0.010921
0 0.427035 0.656243 0.017679 0.012732
0 0.575376 0.661474 0.016285 0.011267
0 0.455767 0.497844 0.010590 0.006474
0 0.508963 0.624162 0.016875 0.009739
0 0.371691 0.713173 0.037273 0.028374
0 0.472013 0.558236 0.011576 0.011934
0 0.581100 0.543325 0.014270 0.015199
0 0.423823 0.512225 0.007978 0.008396
0 0.359370 0.670508 0.028176 0.025501
0 0.365009 0.639772 0.025081 0.024694
0 0.439989 0.532181 0.014409 0.014791
0 0.434262 0.475762 0.013599 0.012910
