0 0.561705 0.648668 0.015840 0.012287
0 0.340256 0.521165 0.007725 0.016096
0 0.333072 0.577937 0.012690 0.018462
0 0.546769 0.647958 0.014820 0.010110
0 0.427035 0.656243 0.017679 0.012732
0 0.575376 0.661474 0.016285 0.011267
0 0.451922 0.504946 0.009799 0.007601
0 0.446294 0.491149 0.011901 0.008741
0 0.540913 0.558303 0.010896 0.010751
0 0.489190 0.631948 0.022826 0.012599
0 0.335098 0.696448 0.028575 0.026193
0 0.329092 0.686471 0.031017 0.029577
0 0.311212 0.613646 0.025705 0.033355
0 0.489962 0.552616 0.008566 0.010320
0 0.492386 0.541677 0.006426 0.010462
0 0.374135 0.539944 0.013767 0.020182
