0 0.561780 0.648919 0.015202 0.010702
0 0.340509 0.521132 0.008110 0.014752
0 0.333029 0.577923 0.010290 0.015064
0 0.546765 0.647980 0.013529 0.009704
0 0.427033 0.656269 0.016316 0.012098
0 0.575380 0.661498 0.014876 0.010611
0 0.452998 0.495630 0.009634 0.006138
0 0.502287 0.627017 0.017177 0.008337
0 0.359246 0.708503 0.028809 0.023590
0 0.569290 0.552354 0.016450 0.016831
0 0.434516 0.507161 0.009477 0.009481
0 0.348612 0.677175 0.030720 0.028129
0 0.344960 0.632510 0.030258 0.032800
0 0.408352 0.489202 0.011254 0.014721
