0 0.400422 0.713338 0.022921 0.014769
0 0.431042 0.632280 0.014734 0.012136
0 0.482867 0.694679 0.015749 0.006499
0 0.368198 0.688180 0.017424 0.014123
0 0.642182 0.723061 0.024822 0.018985
0 0.271590 0.594716 0.014108 0.022363
0 0.557652 0.561783 0.016877 0.016669
0 0.314481 0.745995 0.047057 0.039026
0 0.532896 0.597414 0.016220 0.014625
0 0.561143 0.687285 0.029196 0.017796
0 0.388891 0.479139 0.011176 0.016129
0 0.600517 0.577205 0.015135 0.016302
0 0.544099 0.611350 0.017953 0.014301
0 0.299102 0.449686 0.013936 0.026514
0 0.500000 0.646724 0.023954 0.010911
0 0.500612 0.564666 0.009192 0.010995
0 0.559538 0.721064 0.031645 0.017756
