0 0.400287 0.713605 0.023189 0.015302
0 0.430946 0.632496 0.015114 0.011217
0 0.482823 0.694609 0.019246 0.007941
0 0.368023 0.688422 0.017773 0.014608
0 0.642182 0.723061 0.024822 0.018985
0 0.271301 0.594800 0.011697 0.019731
0 0.546051 0.553799 0.016716 0.016757
0 0.526503 0.555124 0.011168 0.011739
0 0.511778 0.602061 0.010520 0.007405
0 0.550859 0.676395 0.024419 0.016132
0 0.411014 0.520007 0.011172 0.014301
0 0.566252 0.566252 0.014180 0.014180
0 0.312123 0.545416 0.015971 0.027033
0 0.543638 0.561009 0.013315 0.013175
0 0.528412 0.561835 0.012442 0.012299
