0 0.400303 0.713631 0.020840 0.013391
0 0.430940 0.632536 0.012803 0.010015
0 0.482856 0.694711 0.014150 0.007498
0 0.368075 0.688328 0.022702 0.018057
0 0.642194 0.723119 0.020312 0.015536
0 0.271630 0.594710 0.014932 0.024356
0 0.547814 0.554902 0.016604 0.016551
0 0.528051 0.555958 0.009705 0.010641
0 0.515357 0.601279 0.012689 0.009682
0 0.552999 0.677796 0.027951 0.017829
0 0.406589 0.515085 0.010581 0.014405
0 0.571108 0.568682 0.015179 0.015285
0 0.307304 0.530952 0.016449 0.030516
0 0.542953 0.575478 0.016469 0.016459
0 0.516123 0.555627 0.007886 0.008859
