0 0.400280 0.713642 0.021326 0.014434
0 0.430940 0.632536 0.012803 0.010015
0 0.482859 0.694645 0.017447 0.006647
0 0.368186 0.688151 0.022026 0.018306
0 0.642194 0.723119 0.020312 0.015536
0 0.271329 0.594815 0.013586 0.022166
0 0.551466 0.558117 0.013561 0.013589
0 0.303842 0.746491 0.038368 0.033328
0 0.522394 0.600263 0.012752 0.008700
0 0.555858 0.681494 0.034588 0.019032
0 0.398043 0.501875 0.011177 0.015963
0 0.149998 0.620973 0.032502 0.062435
0 0.582435 0.572978 0.015791 0.016157
0 0.565593 0.618002 0.020661 0.016675
0 0.300064 0.498217 0.008798 0.019622
0 0.533680 0.605599 0.019302 0.016447
0 0.538994 0.552601 0.009949 0.010082
