0 0.400289 0.713695 0.017112 0.011654
0 0.430942 0.632518 0.013959 0.010616
0 0.482834 0.694647 0.017548 0.007793
0 0.368032 0.688379 0.021719 0.017850
0 0.642199 0.723098 0.022876 0.017746
0 0.271329 0.594815 0.013586 0.022166
0 0.568119 0.568119 0.015623 0.015623
0 0.332027 0.744269 0.030153 0.024225
0 0.550767 0.589455 0.015173 0.013688
0 0.570202 0.697540 0.030490 0.017903
0 0.635287 0.579919 0.021431 0.026508
0 0.512492 0.592059 0.014293 0.012519
0 0.385798 0.679067 0.026213 0.020733
0 0.323401 0.643093 0.027122 0.030456
