0 0.400316 0.713655 0.018489 0.011479
0 0.430922 0.632509 0.015646 0.012237
0 0.482834 0.694647 0.017548 0.007793
0 0.368023 0.688422 0.017773 0.014608
0 0.642194 0.723119 0.020312 0.015536
0 0.271630 0.594710 0.014932 0.024356
0 0.552799 0.558573 0.016227 0.016308
0 0.306652 0.747396 0.030523 0.026143
0 0.524215 0.599857 0.014221 0.011317
0 0.556296 0.682345 0.041809 0.023212
0 0.396492 0.498133 0.007105 0.012147
0 0.149611 0.627793 0.025895 0.049258
0 0.585427 0.573024 0.016536 0.017145
0 0.561421 0.617568 0.022458 0.017261
0 0.299538 0.491011 0.012351 0.034217
0 0.529477 0.612712 0.019183 0.013783
0 0.533199 0.556091 0.011908 0.011541
