0 0.400285 0.713720 0.015247 0.010785
0 0.430925 0.632487 0.016801 0.012838
0 0.482834 0.694647 0.017548 0.007793
0 0.368198 0.688180 0.017424 0.014123
0 0.642194 0.723119 0.020312 0.015536
0 0.271580 0.594740 0.015172 0.022804
0 0.565673 0.566819 0.017898 0.017827
0 0.328490 0.744806 0.034216 0.027079
0 0.545877 0.591730 0.013199 0.011996
0 0.567354 0.694881 0.030047 0.017530
0 0.385726 0.444002 0.017565 0.021492
0 0.625485 0.580134 0.020370 0.023387
0 0.519453 0.598521 0.014771 0.012101
0 0.422051 0.678503 0.031314 0.022587
0 0.375652 0.691140 0.037665 0.029749
