0 0.400275 0.713674 0.019462 0.013566
0 0.430940 0.632536 0.012803 0.010015
0 0.482859 0.694645 0.017447 0.006647
0 0.368017 0.688409 0.020076 0.016701
0 0.642178 0.723084 0.022258 0.016775
0 0.271530 0.594705 0.011395 0.017937
0 0.570509 0.569296 0.015207 0.015260
0 0.335647 0.743450 0.037353 0.029610
0 0.553683 0.587404 0.014120 0.012940
0 0.572590 0.698808 0.030542 0.017675
0 0.642303 0.580609 0.013739 0.017063
0 0.507933 0.587040 0.012970 0.010224
0 0.359937 0.675929 0.035625 0.031308
0 0.297439 0.603493 0.025952 0.036807
