0 0.400303 0.713631 0.020840 0.013391
0 0.430951 0.632473 0.016269 0.011817
0 0.482834 0.694647 0.017548 0.007793
0 0.368231 0.688120 0.020706 0.016421
0 0.642194 0.723119 0.020312 0.015536
0 0.271370 0.594808 0.014411 0.024161
0 0.546439 0.554333 0.009894 0.009633
0 0.527409 0.555695 0.012068 0.013367
0 0.513767 0.601744 0.015647 0.012697
0 0.551205 0.677253 0.032286 0.018374
0 0.408636 0.517135 0.009274 0.011734
0 0.568262 0.567088 0.015908 0.015959
0 0.309458 0.537320 0.014124 0.025166
0 0.543591 0.568270 0.011163 0.010859
0 0.521977 0.558250 0.009934 0.010200
