0 0.400295 0.713665 0.018976 0.012523
0 0.431063 0.632286 0.013049 0.010515
0 0.482823 0.694609 0.019246 0.007941
0 0.368213 0.688151 0.019066 0.015272
0 0.642213 0.723131 0.020930 0.016507
0 0.271599 0.594693 0.013045 0.021923
0 0.550740 0.557268 0.016695 0.016545
0 0.302973 0.747568 0.041030 0.035610
0 0.520777 0.600248 0.017827 0.013337
0 0.555490 0.680362 0.028568 0.018697
0 0.400105 0.505475 0.009870 0.013695
0 0.149695 0.610761 0.025307 0.052086
0 0.579855 0.571942 0.015810 0.016212
0 0.569081 0.619427 0.016821 0.014693
0 0.301412 0.507086 0.009409 0.023042
0 0.536676 0.597564 0.014743 0.011998
0 0.544106 0.548091 0.012907 0.012914
