0 0.400280 0.713642 0.021326 0.014434
0 0.430965 0.632506 0.013427 0.009595
0 0.482856 0.694711 0.014150 0.007498
0 0.368198 0.688180 0.017424 0.014123
0 0.642182 0.723061 0.024822 0.018985
0 0.271590 0.594716 0.014108 0.022363
0 0.556530 0.561653 0.014268 0.014162
0 0.313803 0.746971 0.035381 0.029638
0 0.531035 0.597979 0.012167 0.009271
0 0.559512 0.686524 0.039581 0.027753
0 0.390778 0.483405 0.011094 0.014715
0 0.597808 0.576515 0.017697 0.018811
0 0.547315 0.613436 0.022005 0.017466
0 0.298723 0.458880 0.011056 0.022470
0 0.507696 0.640287 0.021827 0.014287
0 0.507856 0.564229 0.012158 0.014333
0 0.582395 0.713660 0.041263 0.024518
