0 0.400287 0.713605 0.023189 0.015302
0 0.430922 0.632509 0.015646 0.012237
0 0.482859 0.694645 0.017447 0.006647
0 0.368168 0.688216 0.016443 0.013917
0 0.642194 0.723119 0.020312 0.015536
0 0.271554 0.594721 0.013284 0.020371
0 0.561179 0.564443 0.015539 0.015492
0 0.321361 0.745746 0.034774 0.028339
0 0.539500 0.594569 0.019643 0.016045
0 0.564274 0.691013 0.033507 0.020400
0 0.386583 0.461670 0.016857 0.021474
0 0.613177 0.579373 0.017906 0.020088
0 0.531524 0.605646 0.015363 0.012094
0 0.464215 0.666573 0.029697 0.015427
0 0.463784 0.725293 0.043272 0.018453
