0 0.400413 0.713375 0.021060 0.013902
0 0.430940 0.632536 0.012803 0.010015
0 0.482859 0.694645 0.017447 0.006647
0 0.368161 0.688206 0.018745 0.016009
0 0.642178 0.723084 0.022258 0.016775
0 0.271338 0.594792 0.012523 0.021726
0 0.565053 0.566191 0.014293 0.014242
0 0.325669 0.744189 0.040460 0.033226
0 0.544549 0.592744 0.018949 0.017449
0 0.566872 0.693615 0.026294 0.015762
0 0.385169 0.448577 0.017559 0.021482
0 0.623062 0.580104 0.020530 0.023891
0 0.522589 0.600197 0.017241 0.013954
0 0.433692 0.676702 0.026370 0.017269
0 0.396313 0.703180 0.030012 0.020221
