0 0.400406 0.713409 0.019198 0.013035
0 0.431071 0.632224 0.016508 0.012313
0 0.482834 0.694647 0.017548 0.007793
0 0.368050 0.688346 0.023361 0.019000
0 0.642194 0.723119 0.020312 0.015536
0 0.271599 0.594693 0.013045 0.021923
0 0.523755 0.552888 0.010425 0.010957
0 0.506529 0.602170 0.013057 0.009946
0 0.548421 0.673209 0.026223 0.019032
0 0.418947 0.527342 0.011493 0.012641
0 0.558029 0.562200 0.014008 0.013885
0 0.321846 0.565043 0.015467 0.023174
0 0.539725 0.540416 0.012519 0.012555
0 0.550347 0.565431 0.016680 0.016547
