0 0.400413 0.713375 0.021060 0.013902
0 0.430920 0.632547 0.013335 0.011036
0 0.482859 0.694645 0.017447 0.006647
0 0.368055 0.688363 0.021059 0.016908
0 0.642224 0.723160 0.018984 0.015267
0 0.271301 0.594800 0.011697 0.019731
0 0.560375 0.563590 0.017631 0.017477
0 0.320843 0.746419 0.038021 0.031356
0 0.537932 0.595488 0.019421 0.015321
0 0.563830 0.690057 0.027638 0.016509
0 0.386883 0.466265 0.012626 0.015452
0 0.609912 0.578619 0.023740 0.025880
0 0.534146 0.607256 0.018267 0.015137
0 0.474085 0.662524 0.018112 0.009516
0 0.487817 0.728186 0.030474 0.010178
