0 0.400303 0.713631 0.020840 0.013391
0 0.430940 0.632536 0.012803 0.010015
0 0.482859 0.694645 0.017447 0.006647
0 0.368198 0.688180 0.017424 0.014123
0 0.642159 0.723046 0.024204 0.018014
0 0.271599 0.594693 0.013045 0.021923
0 0.562906 0.565126 0.014898 0.014833
0 0.324119 0.746329 0.041755 0.034839
0 0.541067 0.593967 0.015149 0.013428
0 0.564560 0.692237 0.027923 0.016604
0 0.385577 0.458184 0.012109 0.013938
0 0.616041 0.579873 0.017103 0.018699
0 0.528260 0.604459 0.016063 0.012550
0 0.453851 0.671095 0.025094 0.016000
0 0.440645 0.720439 0.033197 0.017138
