0 0.400295 0.713665 0.018976 0.012523
0 0.430922 0.632509 0.015646 0.012237
0 0.482846 0.694361 0.017573 0.008364
0 0.368209 0.688135 0.021366 0.017363
0 0.642194 0.723119 0.020312 0.015536
0 0.271562 0.594700 0.012220 0.019930
0 0.554792 0.559761 0.012853 0.012933
0 0.310275 0.747177 0.031911 0.026550
0 0.527799 0.598694 0.017470 0.017112
0 0.558433 0.684505 0.028383 0.016352
0 0.392811 0.491153 0.013712 0.015039
0 0.591350 0.575382 0.017389 0.018163
0 0.553962 0.615204 0.020985 0.016304
0 0.298429 0.475074 0.009445 0.021967
0 0.520477 0.627224 0.018289 0.012859
0 0.520931 0.561704 0.011357 0.012513
0 0.623643 0.693926 0.024334 0.019250
