0 0.400427 0.713399 0.018712 0.011991
0 0.431064 0.632268 0.014202 0.011115
0 0.482867 0.694679 0.015749 0.006499
0 0.368038 0.688394 0.019416 0.015758
0 0.642178 0.723084 0.022258 0.016775
0 0.271267 0.594806 0.010871 0.017735
0 0.569716 0.568517 0.015921 0.015958
0 0.334969 0.744388 0.040893 0.033035
0 0.552350 0.588568 0.016548 0.015246
0 0.572430 0.697875 0.036979 0.023287
0 0.638786 0.580348 0.020646 0.024842
0 0.509728 0.590088 0.011918 0.009735
0 0.372735 0.678309 0.023021 0.019411
0 0.309167 0.624084 0.024426 0.030315
