0 0.400303 0.713631 0.020840 0.013391
0 0.430946 0.632496 0.015114 0.011217
0 0.482856 0.694711 0.014150 0.007498
0 0.368209 0.688135 0.021366 0.017363
0 0.642348 0.723311 0.025154 0.019485
0 0.271338 0.594792 0.012523 0.021726
0 0.558397 0.562600 0.012736 0.012589
0 0.317366 0.746677 0.037442 0.030842
0 0.534514 0.596465 0.019457 0.015409
0 0.561496 0.688427 0.027707 0.017315
0 0.387683 0.474750 0.014485 0.017201
0 0.603838 0.578336 0.017118 0.019559
0 0.540463 0.610579 0.016465 0.013024
0 0.491733 0.652615 0.023447 0.011515
0 0.493631 0.564135 0.007943 0.007571
0 0.536094 0.726398 0.027057 0.012592
