0 0.400295 0.713665 0.018976 0.012523
0 0.431063 0.632286 0.013049 0.010515
0 0.482856 0.694711 0.014150 0.007498
0 0.368023 0.688422 0.017773 0.014608
0 0.642348 0.723311 0.025154 0.019485
0 0.271599 0.594693 0.013045 0.021923
0 0.563710 0.565962 0.013290 0.013281
0 0.324818 0.745406 0.038151 0.031351
0 0.542704 0.593228 0.016018 0.013931
0 0.566669 0.692870 0.025451 0.017870
0 0.384715 0.453258 0.012346 0.015092
0 0.619074 0.580461 0.018613 0.021050
0 0.525652 0.601854 0.015428 0.011693
0 0.443228 0.673690 0.026482 0.018873
0 0.417908 0.713107 0.033492 0.021090
