0 0.400287 0.713605 0.023189 0.015302
0 0.431064 0.632268 0.014202 0.011115
0 0.482845 0.694681 0.015849 0.007646
0 0.368252 0.688084 0.022347 0.017569
0 0.642178 0.723084 0.022258 0.016775
0 0.271609 0.594670 0.011982 0.021482
0 0.567895 0.567895 0.016369 0.016369
0 0.331898 0.744262 0.045882 0.037277
0 0.549081 0.590075 0.015391 0.014058
0 0.569894 0.696484 0.031105 0.020016
0 0.631796 0.580869 0.014835 0.017711
0 0.514266 0.593863 0.012667 0.009676
0 0.397841 0.680251 0.028137 0.021362
0 0.338867 0.661133 0.029004 0.029004
