0 0.400413 0.713375 0.021060 0.013902
0 0.430940 0.632536 0.012803 0.010015
0 0.482859 0.694645 0.017447 0.006647
0 0.368032 0.688379 0.021719 0.017850
0 0.642135 0.723031 0.023585 0.017044
0 0.271267 0.594806 0.010871 0.017735
0 0.555782 0.560828 0.015461 0.015390
0 0.310984 0.746108 0.046729 0.040165
0 0.529520 0.598490 0.016324 0.015394
0 0.558932 0.685650 0.029918 0.020785
0 0.391743 0.487388 0.010183 0.015163
0 0.594195 0.576399 0.021114 0.022471
0 0.551111 0.614209 0.022458 0.016306
0 0.298641 0.466034 0.013194 0.026143
0 0.514375 0.633761 0.019663 0.011109
0 0.514272 0.563194 0.010142 0.010252
0 0.604289 0.704153 0.035270 0.025171
