0 0.400432 0.713297 0.024782 0.015636
0 0.431071 0.632224 0.016508 0.012313
0 0.482856 0.694711 0.014150 0.007498
0 0.368185 0.688204 0.015783 0.012974
0 0.642163 0.723019 0.026767 0.020223
0 0.271260 0.594824 0.011935 0.018176
0 0.545171 0.553729 0.014498 0.014640
0 0.525605 0.554338 0.011960 0.013731
0 0.510221 0.601753 0.017894 0.011913
0 0.550312 0.674758 0.022060 0.013429
0 0.414215 0.522408 0.010505 0.012501
0 0.563898 0.565014 0.015743 0.015724
0 0.315200 0.551502 0.015024 0.026519
0 0.542978 0.553936 0.011946 0.011981
0 0.535196 0.563043 0.014368 0.015626
