0 0.400420 0.713429 0.016850 0.011124
0 0.431067 0.632248 0.015355 0.011714
0 0.482876 0.694710 0.014050 0.006351
0 0.368023 0.688422 0.017773 0.014608
0 0.642199 0.723098 0.022876 0.017746
0 0.271260 0.594824 0.011935 0.018176
0 0.553329 0.559175 0.014650 0.014647
0 0.307644 0.746077 0.040047 0.034111
0 0.525910 0.599131 0.015287 0.012262
0 0.558019 0.683600 0.019537 0.011596
0 0.394455 0.494140 0.013487 0.017602
0 0.151106 0.637654 0.025365 0.046037
0 0.588700 0.574465 0.012431 0.012949
0 0.558312 0.616648 0.017591 0.013797
0 0.298817 0.482040 0.012344 0.030747
0 0.525726 0.620172 0.014147 0.009991
0 0.527244 0.559245 0.012038 0.012946
