0 0.400338 0.713581 0.022217 0.013216
0 0.431064 0.632268 0.014202 0.011115
0 0.482823 0.694609 0.019246 0.007941
0 0.368185 0.688204 0.015783 0.012974
0 0.642199 0.723098 0.022876 0.017746
0 0.271301 0.594800 0.011697 0.019731
0 0.548875 0.556156 0.013856 0.013740
0 0.529188 0.556773 0.012899 0.014535
0 0.517199 0.601267 0.013805 0.010578
0 0.553295 0.678726 0.032455 0.018150
0 0.404702 0.512094 0.013043 0.014721
0 0.148924 0.594355 0.021501 0.045613
0 0.574398 0.569402 0.014773 0.014960
0 0.305168 0.522643 0.014525 0.033605
0 0.541730 0.583151 0.018143 0.015608
0 0.553190 0.538760 0.012489 0.012355
