0 0.400413 0.713375 0.021060 0.013902
0 0.430922 0.632509 0.015646 0.012237
0 0.482859 0.694645 0.017447 0.006647
0 0.368179 0.688193 0.018085 0.015066
0 0.642194 0.723119 0.020312 0.015536
0 0.271590 0.594716 0.014108 0.022363
0 0.524588 0.553476 0.010807 0.011556
0 0.508275 0.602047 0.013112 0.009007
0 0.548672 0.674203 0.028792 0.017693
0 0.416412 0.525040 0.012611 0.013720
0 0.560360 0.563584 0.014638 0.014555
0 0.318994 0.559120 0.018057 0.028495
0 0.541325 0.546670 0.010214 0.010347
0 0.542626 0.564159 0.014338 0.014068
