0 0.400287 0.713605 0.023189 0.015302
0 0.430946 0.632496 0.015114 0.011217
0 0.482867 0.694679 0.015749 0.006499
0 0.368059 0.688380 0.018756 0.014815
0 0.642199 0.723098 0.022876 0.017746
0 0.271380 0.594782 0.013348 0.023721
0 0.566557 0.567719 0.017301 0.017297
0 0.329121 0.743850 0.037546 0.030370
0 0.547545 0.590911 0.016674 0.015370
0 0.569469 0.695528 0.025459 0.017076
0 0.628392 0.580346 0.015931 0.018835
0 0.517317 0.596594 0.013507 0.011708
0 0.410109 0.679913 0.027414 0.019466
0 0.356572 0.676985 0.034323 0.030559
