0 0.400436 0.713365 0.020574 0.012859
0 0.430922 0.632509 0.015646 0.012237
0 0.482823 0.694609 0.019246 0.007941
0 0.368179 0.688193 0.018085 0.015066
0 0.642178 0.723084 0.022258 0.016775
0 0.271522 0.594723 0.012459 0.018378
0 0.559778 0.562967 0.015498 0.015411
0 0.318114 0.745568 0.042506 0.036469
0 0.536114 0.595941 0.015783 0.013311
0 0.561886 0.689867 0.024043 0.014661
0 0.387230 0.470546 0.013281 0.017219
0 0.606233 0.578725 0.018141 0.019713
0 0.537843 0.609394 0.014081 0.011560
0 0.483177 0.657237 0.021569 0.011312
0 0.512223 0.727816 0.040811 0.012977
