0 0.400303 0.713631 0.020840 0.013391
0 0.430940 0.632536 0.012803 0.010015
0 0.482823 0.694609 0.019246 0.007941
0 0.368227 0.688101 0.023007 0.018511
0 0.642182 0.723061 0.024822 0.018985
0 0.271599 0.594693 0.013045 0.021923
0 0.549890 0.556351 0.011338 0.011248
0 0.300382 0.746392 0.048131 0.041125
0 0.518970 0.600603 0.016618 0.011807
0 0.553681 0.680057 0.027016 0.018561
0 0.402084 0.508884 0.010357 0.014491
0 0.149503 0.604067 0.022230 0.051291
0 0.577174 0.570770 0.019363 0.019575
0 0.303255 0.515844 0.012037 0.030003
0 0.539574 0.590575 0.013383 0.013092
0 0.548804 0.543208 0.009685 0.009677
