0 0.626420 0.718877 0.019498 0.013916
0 0.351635 0.732766 0.025754 0.019579
0 0.425127 0.680549 0.017744 0.011314
0 0.242648 0.132536 0.038265 0.028955
0 0.217000 0.550059 0.011462 0.030759
0 0.477873 0.751773 0.018085 0.007273
0 0.525317 0.590385 0.013505 0.011928
0 0.584021 0.634211 0.022446 0.018780
0 0.392458 0.531174 0.014803 0.018035
0 0.712198 0.648733 0.030061 0.037108
0 0.862686 0.722495 0.046212 0.065934
0 0.445821 0.732872 0.039222 0.019650
0 0.323455 0.664656 0.027863 0.028997
0 0.569653 0.625327 0.020868 0.017140
0 0.351515 0.638511 0.029826 0.030515
