0 0.626583 0.719111 0.022292 0.016525
0 0.351761 0.732569 0.024012 0.018758
0 0.425124 0.680578 0.016169 0.010662
0 0.242494 0.132308 0.037958 0.028500
0 0.216605 0.550090 0.010031 0.025744
0 0.477831 0.751691 0.022579 0.008802
0 0.524784 0.588401 0.014655 0.011732
0 0.585439 0.636435 0.023647 0.020422
0 0.391589 0.534420 0.013203 0.015243
0 0.722270 0.641795 0.030502 0.040199
0 0.852694 0.729190 0.039246 0.053997
0 0.425361 0.728820 0.035005 0.019684
0 0.338741 0.679023 0.033837 0.032326
0 0.563763 0.642547 0.027632 0.019450
0 0.373347 0.667970 0.025028 0.021440
