0 0.626414 0.718818 0.023892 0.017116
0 0.351635 0.732766 0.025754 0.019579
0 0.425132 0.680518 0.019319 0.011966
0 0.242471 0.132292 0.038618 0.029443
0 0.216798 0.550023 0.008590 0.020678
0 0.477843 0.751975 0.022454 0.007085
0 0.515121 0.569451 0.012949 0.011870
0 0.527176 0.541622 0.010444 0.011242
0 0.441044 0.457778 0.015681 0.015218
0 0.588078 0.658526 0.025775 0.020556
0 0.390938 0.565685 0.015891 0.018061
0 0.163382 0.409582 0.018806 0.043252
0 0.739847 0.785777 0.039743 0.035043
0 0.276541 0.626605 0.025171 0.035475
0 0.512601 0.735010 0.033626 0.012625
0 0.454662 0.542295 0.009415 0.009450
0 0.392943 0.745536 0.036979 0.025056
