0 0.626406 0.718843 0.021407 0.015018
0 0.351801 0.732516 0.025422 0.019079
0 0.425104 0.680559 0.018185 0.012377
0 0.242494 0.132308 0.037958 0.028500
0 0.216660 0.550093 0.010466 0.028217
0 0.477843 0.751975 0.022454 0.007085
0 0.523689 0.587854 0.010223 0.008930
0 0.584983 0.638386 0.023523 0.019924
0 0.391096 0.535625 0.013074 0.016154
0 0.727471 0.639531 0.022941 0.028939
0 0.847019 0.734191 0.034677 0.044861
0 0.415054 0.726511 0.033099 0.020249
0 0.346909 0.685612 0.030884 0.028017
0 0.558325 0.651152 0.025033 0.018300
0 0.386201 0.681789 0.030199 0.025110
