0 0.626428 0.718855 0.021983 0.016014
0 0.351801 0.732516 0.025422 0.019079
0 0.425106 0.680528 0.019759 0.013029
0 0.242695 0.132610 0.041470 0.031199
0 0.216605 0.550090 0.010031 0.025744
0 0.477820 0.751642 0.024775 0.008993
0 0.528455 0.594794 0.018668 0.014568
0 0.583973 0.629160 0.017600 0.015056
0 0.393880 0.524854 0.013365 0.018886
0 0.691944 0.658434 0.045545 0.050438
0 0.485372 0.734606 0.033449 0.011184
0 0.296588 0.632243 0.024343 0.030185
0 0.575551 0.591522 0.021737 0.020474
0 0.327650 0.573400 0.018578 0.026394
