0 0.626570 0.719074 0.024203 0.017628
0 0.351589 0.732870 0.019662 0.015699
0 0.425103 0.680586 0.016610 0.011726
0 0.242471 0.132292 0.038618 0.029443
0 0.216941 0.550056 0.011027 0.028290
0 0.477848 0.751640 0.024675 0.007847
0 0.528759 0.595725 0.017123 0.016632
0 0.583582 0.628385 0.025304 0.022005
0 0.394521 0.522684 0.011371 0.015612
0 0.685923 0.661718 0.037322 0.040378
0 0.493735 0.734914 0.025075 0.009271
0 0.291224 0.623097 0.019823 0.025960
0 0.575186 0.583472 0.014083 0.013651
0 0.325507 0.556985 0.017268 0.026057
