0 0.626605 0.719123 0.022868 0.017522
0 0.351761 0.732569 0.024012 0.018758
0 0.425151 0.680540 0.017304 0.010251
0 0.242471 0.132292 0.038618 0.029443
0 0.216842 0.550026 0.009025 0.023149
0 0.477881 0.751687 0.022378 0.006509
0 0.517698 0.574752 0.015514 0.013639
0 0.523585 0.537461 0.010390 0.011542
0 0.441548 0.464031 0.011856 0.012357
0 0.586873 0.653100 0.030496 0.023369
0 0.390080 0.556306 0.019009 0.023185
0 0.193658 0.343673 0.031034 0.047515
0 0.773050 0.773050 0.048257 0.048257
0 0.309837 0.665366 0.030032 0.032597
0 0.460550 0.733908 0.032268 0.014768
0 0.456580 0.732629 0.032267 0.015258
0 0.464832 0.535168 0.011085 0.011085
