0 0.626585 0.719162 0.017894 0.013322
0 0.351770 0.732611 0.018717 0.014232
0 0.425103 0.680586 0.016610 0.011726
0 0.242362 0.132114 0.028991 0.022704
0 0.216946 0.550029 0.009894 0.028090
0 0.477836 0.751925 0.024652 0.007276
0 0.529850 0.596553 0.016680 0.014565
0 0.582588 0.626949 0.021629 0.018506
0 0.394793 0.521558 0.009200 0.010676
0 0.680891 0.662918 0.028161 0.029840
0 0.504151 0.733485 0.035341 0.009221
0 0.285573 0.614285 0.027563 0.038842
0 0.574776 0.576084 0.017194 0.017150
0 0.324805 0.540600 0.010404 0.019783
