0 0.626406 0.718843 0.021407 0.015018
0 0.351638 0.732792 0.023106 0.017315
0 0.425203 0.680298 0.018382 0.012900
0 0.242375 0.132153 0.032861 0.025893
0 0.216891 0.550028 0.009460 0.025619
0 0.477820 0.751642 0.024775 0.008993
0 0.520408 0.580387 0.014009 0.013951
0 0.586486 0.646392 0.029826 0.023706
0 0.390452 0.547840 0.014370 0.016327
0 0.235806 0.285981 0.035171 0.040395
0 0.803532 0.759303 0.040954 0.045736
0 0.350531 0.698155 0.037716 0.032187
0 0.410294 0.721259 0.035228 0.023149
0 0.510925 0.705043 0.023677 0.008112
0 0.510691 0.741147 0.023525 0.008484
