0 0.626546 0.719060 0.023628 0.016631
0 0.351766 0.732591 0.021365 0.016495
0 0.425106 0.680528 0.019759 0.013029
0 0.242430 0.132226 0.035410 0.027197
0 0.216655 0.550120 0.011599 0.028417
0 0.477793 0.751979 0.022654 0.009378
0 0.533387 0.602064 0.015140 0.012256
0 0.581430 0.620422 0.026070 0.022513
0 0.398527 0.512879 0.012326 0.018114
0 0.650114 0.672600 0.032774 0.030503
0 0.561333 0.720250 0.031166 0.016313
0 0.262588 0.555165 0.018218 0.037599
0 0.560442 0.534386 0.012976 0.012714
0 0.350587 0.454150 0.011938 0.017841
