0 0.626561 0.719098 0.021717 0.015529
0 0.351801 0.732516 0.025422 0.019079
0 0.425103 0.680586 0.016610 0.011726
0 0.242517 0.132365 0.041825 0.031688
0 0.216941 0.550056 0.011027 0.028290
0 0.477858 0.752059 0.018055 0.006702
0 0.526785 0.592367 0.014948 0.013414
0 0.584142 0.631756 0.025414 0.021660
0 0.393575 0.527714 0.010680 0.013166
0 0.701767 0.654902 0.025310 0.029563
0 0.464711 0.734538 0.031844 0.011984
0 0.309337 0.649061 0.027207 0.030983
0 0.574363 0.608003 0.018435 0.017422
0 0.336784 0.606214 0.026736 0.033024
