0 0.626554 0.719033 0.026114 0.018730
0 0.351638 0.732792 0.023106 0.017315
0 0.425124 0.680578 0.016169 0.010662
0 0.242412 0.132179 0.031541 0.024007
0 0.216605 0.550090 0.010031 0.025744
0 0.477818 0.751977 0.022554 0.008231
0 0.527287 0.593980 0.016802 0.013940
0 0.583598 0.630859 0.025367 0.022784
0 0.393451 0.525874 0.012852 0.016238
0 0.696253 0.656216 0.031265 0.035569
0 0.474924 0.734771 0.038028 0.014163
0 0.303038 0.640619 0.026354 0.031469
0 0.575517 0.600028 0.021399 0.019892
0 0.330876 0.590154 0.021696 0.028485
