0 0.626546 0.719060 0.023628 0.016631
0 0.351617 0.732805 0.023724 0.018286
0 0.425106 0.680528 0.019759 0.013029
0 0.242536 0.132356 0.028645 0.022221
0 0.216941 0.550056 0.011027 0.028290
0 0.477843 0.751975 0.022454 0.007085
0 0.523214 0.585279 0.015484 0.013935
0 0.586148 0.640145 0.027069 0.024237
0 0.390739 0.538973 0.014614 0.018525
0 0.737752 0.631970 0.024660 0.033803
0 0.286399 0.240959 0.037152 0.032758
0 0.833758 0.742620 0.041795 0.052391
0 0.396831 0.720595 0.039305 0.026067
0 0.364136 0.697482 0.031398 0.025828
0 0.548515 0.667773 0.027089 0.019427
0 0.416667 0.705478 0.034605 0.022449
