0 0.626585 0.719162 0.017894 0.013322
0 0.351785 0.732579 0.020746 0.015524
0 0.425124 0.680578 0.016169 0.010662
0 0.242412 0.132179 0.031541 0.024007
0 0.216941 0.550056 0.011027 0.028290
0 0.477818 0.751977 0.022554 0.008231
0 0.519182 0.577985 0.015755 0.014829
0 0.442801 0.467438 0.013235 0.012571
0 0.586200 0.649023 0.022811 0.018481
0 0.389936 0.551564 0.016096 0.018781
0 0.217146 0.309050 0.036431 0.047470
0 0.790766 0.766470 0.038930 0.041372
0 0.334213 0.687337 0.027734 0.026127
0 0.430138 0.727597 0.034505 0.018520
0 0.490225 0.717884 0.031312 0.013386
