0 0.626414 0.718818 0.023892 0.017116
0 0.351621 0.732828 0.021075 0.016022
0 0.425132 0.680518 0.019319 0.011966
0 0.242451 0.132240 0.034749 0.026254
0 0.216842 0.550026 0.009025 0.023149
0 0.477818 0.751977 0.022554 0.008231
0 0.526493 0.591523 0.014364 0.011725
0 0.584723 0.632702 0.024941 0.020783
0 0.392792 0.529015 0.012895 0.017361
0 0.707281 0.650753 0.031187 0.037187
0 0.454150 0.734225 0.032669 0.016123
0 0.316502 0.656784 0.028449 0.031233
0 0.572041 0.617333 0.018118 0.016002
0 0.343128 0.622662 0.024364 0.027572
