0 0.626554 0.719033 0.026114 0.018730
0 0.351801 0.732516 0.025422 0.019079
0 0.425124 0.680578 0.016169 0.010662
0 0.242568 0.132409 0.031852 0.024466
0 0.216838 0.550048 0.010159 0.023349
0 0.477856 0.751689 0.022479 0.007656
0 0.531567 0.599012 0.017980 0.015044
0 0.581763 0.623355 0.019515 0.016689
0 0.396346 0.516689 0.010667 0.014931
0 0.665371 0.668276 0.027675 0.027393
0 0.534575 0.729152 0.031561 0.014721
0 0.272137 0.585467 0.020853 0.033477
0 0.569472 0.553372 0.011519 0.012078
0 0.331721 0.493923 0.012308 0.024335
