0 0.626574 0.719132 0.019806 0.014426
0 0.351825 0.732501 0.024803 0.018108
0 0.425106 0.680528 0.019759 0.013029
0 0.242585 0.132454 0.035719 0.027654
0 0.216891 0.550028 0.009460 0.025619
0 0.477831 0.751691 0.022579 0.008802
0 0.533776 0.603168 0.015629 0.013393
0 0.581950 0.619094 0.018071 0.015921
0 0.398620 0.511054 0.011476 0.017861
0 0.643746 0.674315 0.024537 0.022076
0 0.570591 0.716319 0.031716 0.019595
0 0.259737 0.544852 0.016009 0.033372
0 0.556238 0.528906 0.013723 0.012797
0 0.358123 0.442444 0.016035 0.022028
