0 0.626406 0.718843 0.021407 0.015018
0 0.351595 0.732887 0.017012 0.013434
0 0.425204 0.680268 0.019954 0.013550
0 0.242605 0.132469 0.035059 0.026711
0 0.216941 0.550056 0.011027 0.028290
0 0.477850 0.752019 0.020255 0.006893
0 0.515926 0.570497 0.011347 0.011587
0 0.526271 0.540900 0.012311 0.013021
0 0.441294 0.459497 0.014271 0.013855
0 0.587611 0.657744 0.024840 0.018993
0 0.390854 0.563201 0.016762 0.019839
0 0.168442 0.395234 0.021010 0.043141
0 0.746100 0.783042 0.043110 0.039171
0 0.281546 0.634050 0.027036 0.035630
0 0.502097 0.735663 0.031494 0.009466
0 0.451231 0.548769 0.012886 0.012886
0 0.405993 0.744273 0.035302 0.020872
0 0.443216 0.552990 0.015814 0.015842
