0 0.626585 0.719162 0.017894 0.013322
0 0.351617 0.732805 0.023724 0.018286
0 0.425124 0.680578 0.016169 0.010662
0 0.242648 0.132536 0.038265 0.028955
0 0.216838 0.550048 0.010159 0.023349
0 0.477850 0.752019 0.020255 0.006893
0 0.529863 0.597169 0.011517 0.010005
0 0.583065 0.625209 0.025378 0.021641
0 0.395121 0.519801 0.013452 0.016648
0 0.676570 0.664684 0.028703 0.029781
0 0.514531 0.732731 0.029063 0.011497
0 0.280629 0.604818 0.020577 0.030533
0 0.573718 0.567584 0.015189 0.015463
0 0.325817 0.524870 0.014803 0.025951
