0 0.626561 0.719098 0.021717 0.015529
0 0.351747 0.732603 0.021983 0.017466
0 0.425104 0.680559 0.018185 0.012377
0 0.242379 0.132126 0.028331 0.021760
0 0.216605 0.550090 0.010031 0.025744
0 0.477843 0.751975 0.022454 0.007085
0 0.514833 0.568379 0.010986 0.011461
0 0.528029 0.542858 0.012281 0.013269
0 0.441003 0.457035 0.012207 0.012267
0 0.587344 0.660587 0.022341 0.017477
0 0.390805 0.567065 0.016111 0.018799
0 0.159037 0.424033 0.021987 0.055892
0 0.270364 0.617191 0.022501 0.032250
0 0.522983 0.734038 0.039932 0.014601
0 0.458315 0.536905 0.008275 0.008189
0 0.379680 0.746183 0.040846 0.026611
