0 0.626574 0.719132 0.019806 0.014426
0 0.351658 0.732751 0.025136 0.018608
0 0.425104 0.680559 0.018185 0.012377
0 0.242648 0.132536 0.038265 0.028955
0 0.216842 0.550026 0.009025 0.023149
0 0.477840 0.751586 0.026871 0.008038
0 0.516511 0.572963 0.013461 0.011514
0 0.525132 0.539197 0.010366 0.011500
0 0.441220 0.461610 0.015767 0.015270
0 0.587939 0.654964 0.028939 0.023512
0 0.389960 0.559969 0.017418 0.019613
0 0.179765 0.370352 0.027744 0.051019
0 0.759188 0.777890 0.059216 0.056368
0 0.295063 0.651761 0.026852 0.031201
0 0.481006 0.735694 0.035971 0.014783
0 0.433059 0.739925 0.042767 0.021563
0 0.454086 0.544356 0.013578 0.013570
