0 0.626574 0.719132 0.019806 0.014426
0 0.351621 0.732828 0.021075 0.016022
0 0.425203 0.680325 0.016809 0.012249
0 0.242568 0.132409 0.031852 0.024466
0 0.216941 0.550056 0.011027 0.028290
0 0.477856 0.751689 0.022479 0.007656
0 0.521649 0.582145 0.015213 0.014832
0 0.586680 0.644036 0.021749 0.017477
0 0.390426 0.544519 0.014562 0.019496
0 0.255273 0.267733 0.046044 0.047734
0 0.816661 0.752015 0.045538 0.052473
0 0.369219 0.709074 0.030128 0.023284
0 0.391265 0.712910 0.034708 0.024887
0 0.527182 0.690904 0.029725 0.013657
0 0.471264 0.731319 0.033535 0.013667
