0 0.626406 0.718843 0.021407 0.015018
0 0.351658 0.732751 0.025136 0.018608
0 0.425103 0.680586 0.016610 0.011726
0 0.242449 0.132276 0.039278 0.030385
0 0.216891 0.550028 0.009460 0.025619
0 0.477843 0.751975 0.022454 0.007085
0 0.516182 0.571290 0.013445 0.012576
0 0.525894 0.540236 0.013386 0.015146
0 0.441438 0.460374 0.012580 0.012100
0 0.587145 0.656723 0.029109 0.023445
0 0.390493 0.562120 0.015537 0.017236
0 0.173703 0.384172 0.024894 0.046211
0 0.753000 0.780931 0.052028 0.047977
0 0.288301 0.642937 0.027575 0.034723
0 0.491576 0.735470 0.033732 0.012636
0 0.420955 0.742536 0.034446 0.018526
0 0.448677 0.548729 0.014276 0.014213
