0 0.626528 0.719018 0.025538 0.017734
0 0.351638 0.732792 0.023106 0.017315
0 0.425127 0.680549 0.017744 0.011314
0 0.242648 0.132536 0.038265 0.028955
0 0.216946 0.550029 0.009894 0.028090
0 0.477850 0.752019 0.020255 0.006893
0 0.532196 0.601239 0.016197 0.013500
0 0.582037 0.621436 0.020719 0.017871
0 0.397643 0.513732 0.010198 0.013642
0 0.654869 0.671955 0.027166 0.025755
0 0.551793 0.722985 0.031547 0.016827
0 0.265017 0.565386 0.015726 0.030887
0 0.563771 0.540083 0.015847 0.016338
0 0.343254 0.466500 0.010806 0.017980
