0 0.626605 0.719123 0.022868 0.017522
0 0.351801 0.732516 0.025422 0.019079
0 0.425127 0.680549 0.017744 0.011314
0 0.242471 0.132292 0.038618 0.029443
0 0.216605 0.550090 0.010031 0.025744
0 0.477809 0.751928 0.024753 0.008422
0 0.517279 0.573713 0.011594 0.010630
0 0.524375 0.538690 0.011199 0.012343
0 0.441906 0.462867 0.011469 0.011218
0 0.587473 0.654255 0.025293 0.020433
0 0.390558 0.558478 0.019282 0.023273
0 0.186491 0.356922 0.025841 0.042150
0 0.766110 0.775547 0.045686 0.044620
0 0.303064 0.659595 0.033043 0.036820
0 0.470804 0.734392 0.036229 0.015680
0 0.445070 0.736819 0.029088 0.015734
0 0.459584 0.539725 0.012555 0.012519
