0 0.626438 0.718832 0.024467 0.018112
0 0.351778 0.732531 0.026040 0.020049
0 0.425145 0.680569 0.015729 0.009599
0 0.242585 0.132454 0.035719 0.027654
0 0.216842 0.550026 0.009025 0.023149
0 0.477850 0.752019 0.020255 0.006893
0 0.518713 0.576651 0.012453 0.012470
0 0.442345 0.466528 0.012814 0.012423
0 0.586795 0.649973 0.026120 0.021052
0 0.389855 0.552695 0.013228 0.015964
0 0.208032 0.320878 0.034314 0.046509
0 0.783994 0.769518 0.039201 0.040653
0 0.325816 0.680359 0.027253 0.026792
0 0.440046 0.730421 0.035088 0.019457
0 0.480052 0.722937 0.034180 0.014916
