0 0.626561 0.719098 0.021717 0.015529
0 0.351635 0.732766 0.025754 0.019579
0 0.425124 0.680578 0.016169 0.010662
0 0.242585 0.132454 0.035719 0.027654
0 0.216556 0.550087 0.009596 0.023271
0 0.477809 0.751928 0.024753 0.008422
0 0.523505 0.586736 0.012521 0.012636
0 0.585399 0.639146 0.020296 0.017031
0 0.391192 0.537748 0.014689 0.017617
0 0.731736 0.636651 0.024119 0.032707
0 0.840216 0.738390 0.044322 0.056790
0 0.406860 0.724233 0.033336 0.021727
0 0.355340 0.691784 0.035036 0.030169
0 0.553617 0.659531 0.023636 0.015170
0 0.400943 0.693996 0.029847 0.021654
