0 0.626428 0.718855 0.021983 0.016014
0 0.351801 0.732516 0.025422 0.019079
0 0.425204 0.680268 0.019954 0.013550
0 0.242585 0.132454 0.035719 0.027654
0 0.216887 0.550053 0.010593 0.025819
0 0.477858 0.752059 0.018055 0.006702
0 0.519431 0.579172 0.014143 0.015506
0 0.443262 0.468983 0.013119 0.012353
0 0.587087 0.647458 0.027425 0.022296
0 0.389852 0.549234 0.013872 0.016968
0 0.225797 0.296977 0.034895 0.042072
0 0.796919 0.762758 0.047182 0.051322
0 0.341653 0.691989 0.033033 0.029646
0 0.420202 0.724684 0.032318 0.018553
0 0.500000 0.711462 0.038056 0.012051
