0 0.626406 0.718843 0.021407 0.015018
0 0.351785 0.732579 0.020746 0.015524
0 0.425124 0.680578 0.016169 0.010662
0 0.242430 0.132226 0.035410 0.027197
0 0.216655 0.550120 0.011599 0.028417
0 0.477881 0.751687 0.022378 0.006509
0 0.530340 0.598224 0.016055 0.014376
0 0.582595 0.624560 0.021698 0.018940
0 0.395784 0.518700 0.012597 0.015450
0 0.670222 0.667287 0.035120 0.035481
0 0.524611 0.730984 0.031355 0.013472
0 0.276036 0.595409 0.025827 0.041452
0 0.572183 0.560650 0.016454 0.016971
0 0.328691 0.509202 0.009863 0.024558
