0 0.626570 0.719074 0.024203 0.017628
0 0.351753 0.732622 0.019336 0.015203
0 0.425104 0.680559 0.018185 0.012377
0 0.242648 0.132536 0.038265 0.028955
0 0.216887 0.550053 0.010593 0.025819
0 0.477873 0.751773 0.018085 0.007273
0 0.531827 0.599772 0.019667 0.015076
0 0.582504 0.622207 0.015592 0.013637
0 0.397134 0.515810 0.013777 0.017879
0 0.659527 0.671042 0.029770 0.028583
0 0.542399 0.726576 0.035757 0.017536
0 0.268607 0.575423 0.017942 0.031137
0 0.566585 0.546764 0.014569 0.014637
0 0.337040 0.479734 0.011007 0.020981
