0 0.626574 0.719132 0.019806 0.014426
0 0.351801 0.732516 0.025422 0.019079
0 0.425132 0.680518 0.019319 0.011966
0 0.242625 0.132520 0.038925 0.029898
0 0.216601 0.550115 0.011164 0.025944
0 0.477818 0.751977 0.022554 0.008231
0 0.520581 0.581519 0.012189 0.011410
0 0.585984 0.645786 0.020048 0.015693
0 0.390545 0.545739 0.019189 0.022990
0 0.244304 0.277643 0.045128 0.049600
0 0.810347 0.755941 0.047296 0.053756
0 0.359663 0.703931 0.033864 0.028773
0 0.400722 0.717481 0.029691 0.018920
0 0.519409 0.698283 0.026924 0.012229
0 0.491539 0.736545 0.036008 0.012710
