0 0.626420 0.718877 0.019498 0.013916
0 0.351640 0.732816 0.020456 0.015051
0 0.425110 0.680494 0.021334 0.013680
0 0.242625 0.132520 0.038925 0.029898
0 0.216838 0.550048 0.010159 0.023349
0 0.477864 0.751734 0.020282 0.007465
0 0.525167 0.589447 0.017455 0.013522
0 0.584656 0.635178 0.024359 0.020568
0 0.392533 0.532250 0.016292 0.021098
0 0.716897 0.646522 0.033472 0.041161
0 0.859185 0.724609 0.037694 0.052240
0 0.435441 0.731307 0.035864 0.021702
0 0.331191 0.671774 0.028534 0.028252
0 0.566952 0.633851 0.022802 0.017551
0 0.361865 0.653344 0.030818 0.029446
