0 0.626561 0.719098 0.021717 0.015529
0 0.351747 0.732603 0.021983 0.017466
0 0.425106 0.680528 0.019759 0.013029
0 0.242471 0.132292 0.038618 0.029443
0 0.216887 0.550053 0.010593 0.025819
0 0.477848 0.751640 0.024675 0.007847
0 0.513767 0.566533 0.009737 0.009542
0 0.529639 0.544507 0.012360 0.012756
0 0.588400 0.662638 0.018637 0.014042
0 0.391187 0.570884 0.020864 0.023983
0 0.152453 0.450845 0.016078 0.046912
0 0.259153 0.597498 0.019046 0.030574
0 0.466746 0.526079 0.010857 0.010283
0 0.350182 0.744266 0.034069 0.025164
