0 0.626574 0.719132 0.019806 0.014426
0 0.351823 0.732472 0.027449 0.020370
0 0.425127 0.680549 0.017744 0.011314
0 0.242585 0.132454 0.035719 0.027654
0 0.216946 0.550029 0.009894 0.028090
0 0.477842 0.751735 0.020382 0.008611
0 0.514620 0.567546 0.010168 0.010753
0 0.528576 0.543779 0.010794 0.011190
0 0.440561 0.455062 0.015804 0.015710
0 0.588039 0.661826 0.024168 0.018823
0 0.391444 0.569297 0.016089 0.017565
0 0.155125 0.438954 0.015365 0.043579
0 0.264773 0.607404 0.021891 0.034395
0 0.530993 0.733467 0.029680 0.012310
0 0.462613 0.531431 0.010427 0.010096
0 0.365976 0.746523 0.032648 0.023786
