0 0.626561 0.719098 0.021717 0.015529
0 0.351621 0.732828 0.021075 0.016022
0 0.425103 0.680586 0.016610 0.011726
0 0.242549 0.132396 0.032512 0.025409
0 0.216601 0.550115 0.011164 0.025944
0 0.477848 0.751640 0.024675 0.007847
0 0.522114 0.584389 0.013498 0.012319
0 0.585196 0.641652 0.015919 0.013348
0 0.390851 0.541021 0.013066 0.016360
0 0.741722 0.628717 0.024958 0.035985
0 0.277138 0.248159 0.039460 0.036501
0 0.827860 0.747146 0.034936 0.042410
0 0.386965 0.716811 0.032120 0.021925
0 0.372734 0.703351 0.035672 0.027635
0 0.542586 0.675873 0.025860 0.017269
0 0.433768 0.715835 0.030803 0.016892
