0 0.626397 0.718776 0.025800 0.018217
0 0.351801 0.732516 0.025422 0.019079
0 0.425203 0.680325 0.016809 0.012249
0 0.242605 0.132469 0.035059 0.026711
0 0.216891 0.550028 0.009460 0.025619
0 0.477809 0.751928 0.024753 0.008422
0 0.521826 0.583276 0.013352 0.012281
0 0.585834 0.642502 0.026476 0.021571
0 0.390692 0.542263 0.016054 0.019180
0 0.747012 0.626083 0.025707 0.037057
0 0.265514 0.257195 0.033549 0.032816
0 0.821001 0.750865 0.034815 0.041397
0 0.377147 0.712383 0.036993 0.027659
0 0.381779 0.708515 0.035074 0.026985
0 0.534432 0.683919 0.029105 0.014667
0 0.452017 0.724067 0.033595 0.017338
