0 0.626420 0.718877 0.019498 0.013916
0 0.351770 0.732611 0.018717 0.014232
0 0.425104 0.680559 0.018185 0.012377
0 0.242625 0.132520 0.038925 0.029898
0 0.216660 0.550093 0.010466 0.028217
0 0.477836 0.751925 0.024652 0.007276
0 0.517905 0.575935 0.013727 0.013237
0 0.441682 0.464786 0.013145 0.012444
0 0.587471 0.651222 0.024115 0.018901
0 0.389765 0.555189 0.016454 0.019047
0 0.200126 0.333556 0.033232 0.049277
0 0.779820 0.770230 0.036463 0.037355
0 0.317299 0.673387 0.021237 0.021898
0 0.450431 0.731715 0.032516 0.016575
0 0.469579 0.728569 0.031307 0.014202
0 0.469515 0.530485 0.010091 0.010091
