0 0.463707 0.614729 0.012748 0.008961
0 0.247343 0.556096 0.008970 0.018766
0 0.439385 0.691832 0.020328 0.011845
0 0.404199 0.683863 0.017632 0.013645
0 0.505621 0.625893 0.012370 0.006276
0 0.543143 0.660675 0.015220 0.008206
0 0.509555 0.769570 0.031071 0.009116
0 0.552514 0.647219 0.024979 0.019742
0 0.427174 0.625733 0.025741 0.020496
0 0.490303 0.582841 0.011766 0.009232
0 0.745284 0.688306 0.031495 0.037379
0 0.446854 0.667583 0.025238 0.017338
0 0.500542 0.557194 0.008137 0.009837
0 0.520362 0.690343 0.027696 0.013084
0 0.582391 0.530439 0.016818 0.019227
