0 0.463647 0.615051 0.009591 0.007474
0 0.247698 0.556074 0.011626 0.023524
0 0.439386 0.691866 0.018654 0.011319
0 0.404233 0.683794 0.020307 0.014292
0 0.505621 0.625893 0.012370 0.006276
0 0.543254 0.660963 0.015691 0.009880
0 0.502889 0.550268 0.006262 0.010063
0 0.469796 0.554181 0.011264 0.011468
0 0.594992 0.760130 0.040096 0.023494
0 0.568102 0.619971 0.022128 0.018980
0 0.447230 0.573881 0.011431 0.011145
0 0.414109 0.465810 0.015760 0.018244
0 0.619676 0.734351 0.039758 0.027458
0 0.343877 0.573043 0.019025 0.025942
0 0.476653 0.559931 0.013319 0.013798
0 0.433451 0.529146 0.011970 0.011795
