0 0.463712 0.614748 0.011747 0.008647
0 0.247703 0.556049 0.010502 0.023274
0 0.439410 0.691858 0.018308 0.010221
0 0.404225 0.683825 0.018704 0.013458
0 0.505623 0.626204 0.011246 0.005656
0 0.543205 0.660977 0.013691 0.007281
0 0.528552 0.769349 0.033786 0.011468
0 0.557375 0.641358 0.022389 0.017073
0 0.430066 0.613861 0.019710 0.016975
0 0.498606 0.574101 0.011866 0.011680
0 0.719113 0.704344 0.026873 0.028053
0 0.419013 0.655153 0.025095 0.019754
0 0.526455 0.559940 0.015257 0.015596
0 0.500000 0.664633 0.023788 0.010918
0 0.584043 0.565798 0.019115 0.019499
