0 0.463707 0.614729 0.012748 0.008961
0 0.247751 0.556050 0.010989 0.025476
0 0.439312 0.692136 0.018505 0.010778
0 0.404369 0.683564 0.018416 0.012936
0 0.505619 0.626123 0.014617 0.005796
0 0.543163 0.660707 0.014116 0.008943
0 0.519214 0.768801 0.048080 0.015310
0 0.554313 0.644660 0.021969 0.015161
0 0.428946 0.620284 0.021287 0.018684
0 0.495044 0.578099 0.008606 0.007391
0 0.733434 0.695930 0.028839 0.032039
0 0.432888 0.661699 0.017197 0.013290
0 0.513075 0.559918 0.010924 0.011443
0 0.509554 0.677449 0.030296 0.011291
0 0.584610 0.547119 0.015592 0.016823
