0 0.463739 0.614758 0.010400 0.007234
0 0.247377 0.556120 0.010582 0.021219
0 0.439410 0.691890 0.016634 0.009694
0 0.404378 0.683533 0.020017 0.013769
0 0.505621 0.625893 0.012370 0.006276
0 0.543185 0.660713 0.014414 0.010055
0 0.550019 0.768235 0.036935 0.016124
0 0.561501 0.634590 0.018614 0.014288
0 0.434970 0.599966 0.015724 0.014116
0 0.506986 0.561471 0.010629 0.015242
0 0.392083 0.446017 0.014293 0.017034
0 0.686532 0.718304 0.042574 0.038369
0 0.387959 0.633428 0.024480 0.023017
0 0.483587 0.629686 0.023011 0.014610
0 0.563697 0.612231 0.019785 0.017316
