0 0.463620 0.615043 0.010941 0.008888
0 0.247467 0.556126 0.011557 0.025627
0 0.439412 0.691823 0.019982 0.010748
0 0.404362 0.683592 0.016815 0.012103
0 0.505621 0.626180 0.012370 0.005703
0 0.543171 0.660653 0.016919 0.009692
0 0.462651 0.526262 0.010006 0.009492
0 0.571287 0.764606 0.046630 0.021759
0 0.564838 0.626886 0.020530 0.016149
0 0.441075 0.587147 0.016864 0.015791
0 0.511543 0.548794 0.008456 0.010436
0 0.402243 0.456091 0.018755 0.021347
0 0.653917 0.728004 0.033015 0.026426
0 0.362941 0.605305 0.023793 0.025631
0 0.476043 0.594839 0.016307 0.012430
0 0.429135 0.491684 0.008985 0.009576
