0 0.463707 0.614729 0.012748 0.008961
0 0.247420 0.556124 0.011069 0.023423
0 0.439412 0.691823 0.019982 0.010748
0 0.404357 0.683617 0.015213 0.011270
0 0.505621 0.625893 0.012370 0.006276
0 0.543223 0.661006 0.012584 0.008017
0 0.523984 0.769373 0.038719 0.015317
0 0.555324 0.643329 0.024987 0.017823
0 0.429444 0.617185 0.018760 0.015996
0 0.497153 0.576083 0.012116 0.011303
0 0.726011 0.700027 0.036968 0.039565
0 0.425774 0.658749 0.024438 0.017511
0 0.519302 0.560113 0.012198 0.013221
0 0.504603 0.670904 0.024583 0.010391
0 0.584531 0.556058 0.013059 0.014030
