0 0.463634 0.614999 0.012601 0.008421
0 0.247660 0.556047 0.010015 0.021073
0 0.439313 0.692063 0.021857 0.011832
0 0.404225 0.683825 0.018704 0.013458
0 0.505673 0.626207 0.011346 0.007955
0 0.543205 0.660977 0.013691 0.007281
0 0.468886 0.554679 0.011677 0.012049
0 0.599760 0.759064 0.038267 0.024298
0 0.568505 0.618391 0.018778 0.015821
0 0.448368 0.570876 0.015962 0.015548
0 0.416178 0.467584 0.012798 0.014269
0 0.614288 0.733955 0.032385 0.021703
0 0.477882 0.552689 0.011766 0.012788
0 0.435776 0.535833 0.014126 0.014813
