0 0.463724 0.614780 0.009745 0.008017
0 0.247425 0.556099 0.009946 0.023174
0 0.439385 0.691832 0.020328 0.011845
0 0.404354 0.683545 0.020549 0.014790
0 0.505597 0.626203 0.011196 0.004506
0 0.543259 0.660934 0.017095 0.010255
0 0.535786 0.769596 0.036535 0.013770
0 0.559065 0.638470 0.023611 0.018261
0 0.431889 0.608652 0.021559 0.019709
0 0.502550 0.569569 0.007653 0.007153
0 0.706848 0.710482 0.035849 0.035454
0 0.406206 0.647073 0.020399 0.016454
0 0.539959 0.556900 0.012383 0.012271
0 0.493301 0.650578 0.016084 0.006436
0 0.578644 0.584299 0.018809 0.018526
