0 0.463712 0.614748 0.011747 0.008647
0 0.247420 0.556124 0.011069 0.023423
0 0.439410 0.691890 0.016634 0.009694
0 0.404258 0.683781 0.019776 0.013271
0 0.505588 0.625939 0.010097 0.005032
0 0.543171 0.660653 0.016919 0.009692
0 0.464097 0.529149 0.010298 0.010059
0 0.554754 0.768084 0.029815 0.014171
0 0.562151 0.632704 0.023150 0.018539
0 0.436236 0.597842 0.020847 0.019948
0 0.508159 0.559298 0.009636 0.011346
0 0.394213 0.448143 0.017017 0.019557
0 0.679500 0.721595 0.029857 0.026178
0 0.382302 0.628410 0.021512 0.020732
0 0.481354 0.623180 0.015261 0.010622
0 0.556352 0.620500 0.017077 0.013674
