0 0.463638 0.615019 0.011598 0.008106
0 0.247520 0.556127 0.012044 0.027830
0 0.439410 0.691858 0.018308 0.010221
0 0.404347 0.683576 0.018948 0.013957
0 0.505647 0.626181 0.012425 0.006852
0 0.543227 0.660982 0.013989 0.008393
0 0.540538 0.769426 0.038863 0.013587
0 0.559841 0.636948 0.022744 0.018866
0 0.433508 0.606192 0.017543 0.015420
0 0.504386 0.566574 0.009401 0.010861
0 0.698898 0.713264 0.035285 0.033671
0 0.399666 0.643115 0.023091 0.020250
0 0.546135 0.553959 0.011617 0.011815
0 0.489634 0.644307 0.017069 0.010899
0 0.574505 0.593566 0.016693 0.016088
