0 0.463681 0.614737 0.013094 0.010059
0 0.247804 0.556050 0.011476 0.027676
0 0.439410 0.691890 0.016634 0.009694
0 0.404219 0.683853 0.017101 0.012624
0 0.505611 0.625940 0.010147 0.006182
0 0.543141 0.660702 0.013818 0.007831
0 0.501338 0.545634 0.008488 0.011102
0 0.575990 0.764254 0.034535 0.017004
0 0.565703 0.625895 0.017699 0.015537
0 0.441947 0.584265 0.016557 0.015628
0 0.404982 0.458432 0.014896 0.016563
0 0.646892 0.730210 0.039262 0.031635
0 0.358635 0.599127 0.022220 0.026253
0 0.475496 0.587624 0.012096 0.010517
0 0.428112 0.499337 0.008122 0.008621
