0 0.463608 0.615007 0.012947 0.009518
0 0.247745 0.556077 0.012113 0.025725
0 0.439312 0.692102 0.020181 0.011305
0 0.404347 0.683576 0.018948 0.013957
0 0.505612 0.626227 0.010145 0.005608
0 0.543230 0.660956 0.015393 0.008768
0 0.533387 0.769398 0.034210 0.014318
0 0.558279 0.640125 0.020082 0.016682
0 0.431267 0.611900 0.019453 0.016818
0 0.500666 0.571184 0.012688 0.010436
0 0.713930 0.706597 0.023412 0.023868
0 0.412561 0.651008 0.027409 0.023123
0 0.532782 0.558959 0.009004 0.009174
0 0.495757 0.657450 0.021241 0.009734
0 0.581346 0.574574 0.016105 0.016463
