0 0.463688 0.614756 0.012093 0.009745
0 0.247420 0.556124 0.011069 0.023423
0 0.439392 0.691923 0.015306 0.010265
0 0.404239 0.683842 0.016569 0.011603
0 0.505621 0.626180 0.012370 0.005703
0 0.543259 0.660934 0.017095 0.010255
0 0.501900 0.546710 0.010958 0.015794
0 0.580898 0.763197 0.045099 0.024741
0 0.566055 0.624016 0.016231 0.013002
0 0.442799 0.581440 0.018277 0.017836
0 0.407016 0.460289 0.014162 0.015990
0 0.639269 0.731604 0.028117 0.020990
0 0.354131 0.593036 0.016851 0.020571
0 0.475648 0.580848 0.015042 0.016016
0 0.428455 0.507149 0.008913 0.010146
