0 0.463739 0.614758 0.010400 0.007234
0 0.247622 0.556044 0.009528 0.018871
0 0.439288 0.692144 0.018851 0.011875
0 0.404362 0.683592 0.016815 0.012103
0 0.505647 0.626181 0.012425 0.006852
0 0.543249 0.660988 0.014287 0.009505
0 0.463109 0.526890 0.009547 0.008907
0 0.568942 0.765523 0.037099 0.017903
0 0.564101 0.628259 0.018147 0.014462
0 0.439438 0.589468 0.021705 0.019567
0 0.511325 0.551498 0.009911 0.012300
0 0.400242 0.454334 0.013798 0.016637
0 0.659494 0.727528 0.040370 0.033064
0 0.367060 0.611614 0.021207 0.022945
0 0.477107 0.601923 0.015466 0.012500
0 0.430072 0.484235 0.010448 0.011025
