0 0.463642 0.615036 0.010595 0.007790
0 0.247622 0.556044 0.009528 0.018871
0 0.439410 0.691858 0.018308 0.010221
0 0.404347 0.683576 0.018948 0.013957
0 0.505647 0.626181 0.012425 0.006852
0 0.543230 0.660956 0.015393 0.008768
0 0.504789 0.768627 0.045595 0.012259
0 0.551528 0.648724 0.024337 0.017479
0 0.425717 0.628342 0.021689 0.018164
0 0.487723 0.585141 0.012515 0.011244
0 0.752135 0.683294 0.032111 0.039967
0 0.454231 0.670046 0.021390 0.012950
0 0.494400 0.554658 0.008576 0.010459
0 0.524550 0.696344 0.033950 0.014831
