0 0.463638 0.615019 0.011598 0.008106
0 0.247698 0.556074 0.011626 0.023524
0 0.439434 0.691851 0.017962 0.009123
0 0.404354 0.683545 0.020549 0.014790
0 0.505612 0.626227 0.010145 0.005608
0 0.543230 0.660956 0.015393 0.008768
0 0.514409 0.769233 0.036042 0.013330
0 0.553293 0.645982 0.018932 0.012517
0 0.427730 0.622517 0.016336 0.013507
0 0.492680 0.580477 0.011298 0.009512
0 0.738126 0.692939 0.038353 0.043947
0 0.439594 0.665372 0.024418 0.015448
0 0.506547 0.558901 0.009313 0.011152
0 0.514790 0.684635 0.021689 0.010824
0 0.584066 0.538558 0.014238 0.015788
