0 0.463628 0.615057 0.009938 0.008572
0 0.247420 0.556124 0.011069 0.023423
0 0.439312 0.692102 0.020181 0.011305
0 0.404248 0.683814 0.018173 0.012437
0 0.505621 0.625893 0.012370 0.006276
0 0.543171 0.660653 0.016919 0.009692
0 0.463626 0.528470 0.008163 0.007735
0 0.559362 0.766956 0.034018 0.013413
0 0.562771 0.631041 0.024803 0.018637
0 0.436961 0.595067 0.016055 0.014398
0 0.509237 0.556258 0.008986 0.011386
0 0.395918 0.450040 0.018079 0.021960
0 0.673873 0.722486 0.025261 0.021680
0 0.377176 0.622824 0.024599 0.024599
0 0.480177 0.615860 0.021042 0.013978
0 0.547467 0.629469 0.022214 0.017923
