0 0.463724 0.614780 0.009745 0.008017
0 0.247382 0.556098 0.009458 0.020970
0 0.439411 0.691917 0.014960 0.009167
0 0.404362 0.683592 0.016815 0.012103
0 0.505620 0.625866 0.013493 0.006323
0 0.543171 0.660653 0.016919 0.009692
0 0.502256 0.547675 0.006775 0.008312
0 0.585480 0.762354 0.032807 0.018976
0 0.566827 0.622644 0.022336 0.018894
0 0.444724 0.578795 0.014238 0.013331
0 0.409348 0.462234 0.012882 0.015168
0 0.633946 0.731505 0.042717 0.031957
0 0.350764 0.586382 0.021490 0.026303
0 0.475852 0.573629 0.011662 0.011125
0 0.429217 0.514585 0.008837 0.008906
