0 0.463638 0.615019 0.011598 0.008106
0 0.247382 0.556098 0.009458 0.020970
0 0.439313 0.692063 0.021857 0.011832
0 0.404354 0.683545 0.020549 0.014790
0 0.505612 0.626227 0.010145 0.005608
0 0.543167 0.660682 0.015518 0.009318
0 0.463837 0.527304 0.007666 0.007274
0 0.564214 0.766392 0.036924 0.016765
0 0.563769 0.630323 0.021098 0.016590
0 0.438865 0.592191 0.015703 0.014165
0 0.510250 0.554048 0.007705 0.009619
0 0.398244 0.452433 0.010813 0.012687
0 0.666649 0.725077 0.031359 0.026760
0 0.372087 0.617265 0.027474 0.028575
0 0.478632 0.608364 0.016901 0.011969
0 0.432033 0.476989 0.012243 0.011997
