0 0.463638 0.615019 0.011598 0.008106
0 0.247382 0.556098 0.009458 0.020970
0 0.439312 0.692102 0.020181 0.011305
0 0.404209 0.683807 0.020839 0.015313
0 0.505647 0.625894 0.012425 0.007426
0 0.543227 0.660982 0.013989 0.008393
0 0.545310 0.768164 0.046353 0.018213
0 0.560536 0.635298 0.024524 0.018913
0 0.434133 0.603168 0.018137 0.015875
0 0.505865 0.563905 0.008107 0.010374
0 0.389998 0.443740 0.016044 0.018837
0 0.693932 0.715335 0.032856 0.030959
0 0.394050 0.637894 0.027450 0.024811
0 0.552877 0.551069 0.009448 0.009466
0 0.486554 0.637128 0.016398 0.010086
0 0.569533 0.602872 0.018926 0.017181
