0 0.463614 0.615026 0.011944 0.009203
0 0.247751 0.556050 0.010989 0.025476
0 0.439291 0.692174 0.017175 0.011348
0 0.404369 0.683564 0.018416 0.012936
0 0.505597 0.625916 0.011196 0.005080
0 0.543249 0.660988 0.014287 0.009505
0 0.502856 0.548784 0.008100 0.011853
0 0.590104 0.760901 0.039466 0.021252
0 0.567391 0.621287 0.019783 0.015842
0 0.445531 0.576226 0.013650 0.013187
0 0.411702 0.463957 0.016785 0.018388
0 0.626826 0.733260 0.034673 0.024170
0 0.347223 0.579838 0.023197 0.029582
0 0.476155 0.566440 0.013697 0.012899
0 0.430813 0.522087 0.012535 0.011564
