0 0.350239 0.625687 0.013839 0.015093
0 0.493601 0.643426 0.014082 0.006925
0 0.459638 0.650126 0.014893 0.010182
0 0.495356 0.603208 0.009288 0.006718
0 0.389123 0.632107 0.014859 0.013642
0 0.579651 0.752281 0.021725 0.012288
0 0.434877 0.554713 0.014222 0.014621
0 0.727135 0.650488 0.027840 0.035144
0 0.552025 0.645970 0.027494 0.017782
0 0.545160 0.720691 0.027007 0.014679
0 0.521876 0.580566 0.013635 0.011897
0 0.396092 0.628225 0.020696 0.019375
0 0.559099 0.599897 0.022099 0.019154
0 0.287486 0.613238 0.025429 0.034821
