0 0.350243 0.625693 0.015816 0.017139
0 0.493599 0.643167 0.012802 0.007445
0 0.459749 0.649839 0.014422 0.008508
0 0.495392 0.603225 0.008337 0.005530
0 0.389116 0.632106 0.016750 0.015490
0 0.579649 0.752240 0.023926 0.012981
0 0.425692 0.553246 0.020422 0.021883
0 0.707485 0.668108 0.030043 0.033681
0 0.543433 0.655464 0.023285 0.016172
0 0.556877 0.710817 0.031042 0.020171
0 0.496238 0.582439 0.010540 0.007908
0 0.473063 0.539720 0.010671 0.011352
0 0.430807 0.632445 0.023539 0.019314
0 0.589724 0.586654 0.014448 0.014585
0 0.550346 0.537393 0.013963 0.013504
0 0.246057 0.638117 0.028864 0.040699
