0 0.350335 0.625617 0.018219 0.020314
0 0.493601 0.643426 0.014082 0.006925
0 0.459744 0.649782 0.017036 0.009207
0 0.495425 0.602953 0.007391 0.004915
0 0.389129 0.632109 0.012967 0.011794
0 0.579631 0.752312 0.019178 0.010497
0 0.412575 0.549677 0.015836 0.017776
0 0.678595 0.688161 0.039904 0.038778
0 0.526940 0.668375 0.023414 0.012011
0 0.568065 0.696853 0.029158 0.018663
0 0.461922 0.572772 0.014138 0.012933
0 0.474237 0.625414 0.017054 0.011571
0 0.572587 0.605360 0.021213 0.019577
0 0.185393 0.671017 0.030968 0.045883
