0 0.350224 0.625705 0.014721 0.015833
0 0.493624 0.643166 0.012752 0.006295
0 0.459632 0.650100 0.016203 0.010532
0 0.495393 0.602938 0.008340 0.006104
0 0.389104 0.632123 0.015599 0.014524
0 0.579748 0.752559 0.021920 0.012844
0 0.409753 0.548109 0.011627 0.012961
0 0.672827 0.691911 0.024198 0.023002
0 0.524169 0.670275 0.021945 0.010898
0 0.570578 0.693336 0.023601 0.016562
0 0.456064 0.568758 0.013027 0.012621
0 0.482462 0.621994 0.021623 0.012512
0 0.572982 0.621094 0.023588 0.020151
0 0.174731 0.680503 0.031598 0.045064
