0 0.350264 0.625678 0.016911 0.018444
0 0.493612 0.643479 0.011550 0.006818
0 0.459746 0.649812 0.015729 0.008857
0 0.495356 0.602921 0.009288 0.007292
0 0.389085 0.632140 0.016339 0.015406
0 0.579647 0.752193 0.026127 0.013674
0 0.432804 0.554494 0.014260 0.014571
0 0.721856 0.655505 0.031535 0.038871
0 0.550010 0.648604 0.023867 0.016213
0 0.548604 0.718135 0.028543 0.014334
0 0.514620 0.581579 0.011372 0.009686
0 0.405677 0.629676 0.022045 0.019310
0 0.568074 0.596922 0.022974 0.021120
0 0.275289 0.619660 0.023266 0.033487
