0 0.350224 0.625705 0.014721 0.015833
0 0.493599 0.643167 0.012802 0.007445
0 0.459753 0.649863 0.013115 0.008159
0 0.495382 0.602900 0.010161 0.006180
0 0.389123 0.632107 0.014859 0.013642
0 0.579614 0.752133 0.027981 0.013269
0 0.433283 0.465807 0.012641 0.012903
0 0.743868 0.632585 0.024925 0.036064
0 0.560594 0.635601 0.021500 0.016309
0 0.534683 0.730001 0.031588 0.014169
0 0.545261 0.570688 0.017567 0.016657
0 0.509817 0.562882 0.010189 0.014306
0 0.361216 0.614474 0.021630 0.023653
0 0.527389 0.604321 0.020049 0.015038
0 0.201024 0.513203 0.008039 0.026408
0 0.382794 0.442680 0.013742 0.016057
