0 0.350264 0.625678 0.016911 0.018444
0 0.493636 0.643191 0.011503 0.006242
0 0.459725 0.649845 0.014720 0.009620
0 0.495357 0.603188 0.010216 0.006756
0 0.389116 0.632106 0.016750 0.015490
0 0.579746 0.752472 0.026326 0.014231
0 0.414665 0.550520 0.017787 0.019225
0 0.684133 0.684133 0.039467 0.039467
0 0.531147 0.665352 0.032461 0.016909
0 0.565091 0.699143 0.036442 0.021119
0 0.468297 0.576091 0.011488 0.011803
0 0.466574 0.627663 0.023928 0.016042
0 0.620801 0.557755 0.012785 0.015873
0 0.571726 0.590006 0.020775 0.020324
0 0.197444 0.664461 0.028675 0.041656
