0 0.350264 0.625678 0.016911 0.018444
0 0.493601 0.643139 0.014082 0.007498
0 0.459749 0.649839 0.014422 0.008508
0 0.495357 0.603188 0.010216 0.006756
0 0.389112 0.632124 0.013707 0.012676
0 0.579748 0.752518 0.024123 0.013537
0 0.416799 0.551227 0.017749 0.019487
0 0.688714 0.682254 0.032070 0.032748
0 0.532416 0.664516 0.025518 0.017444
0 0.565445 0.700358 0.033132 0.020050
0 0.471597 0.577091 0.014888 0.015256
0 0.462708 0.629135 0.018480 0.013922
0 0.617045 0.562521 0.019954 0.024537
0 0.570668 0.582640 0.019356 0.019014
0 0.203579 0.661143 0.029674 0.043499
