0 0.350264 0.625678 0.016911 0.018444
0 0.493635 0.643478 0.011500 0.005668
0 0.459749 0.649839 0.014422 0.008508
0 0.495357 0.602901 0.010216 0.007329
0 0.389112 0.632124 0.013707 0.012676
0 0.579647 0.752193 0.026127 0.013674
0 0.432570 0.464690 0.013054 0.013655
0 0.746706 0.628598 0.023352 0.034145
0 0.561433 0.634295 0.021639 0.016907
0 0.534864 0.731073 0.033753 0.014490
0 0.548264 0.568714 0.015245 0.015234
0 0.512310 0.562131 0.009130 0.009378
0 0.355744 0.610797 0.022754 0.025744
0 0.522482 0.604363 0.015703 0.012464
0 0.204908 0.486880 0.013038 0.049943
