0 0.350239 0.625687 0.013839 0.015093
0 0.493649 0.643165 0.012702 0.005145
0 0.459746 0.649812 0.015729 0.008857
0 0.495407 0.602899 0.010106 0.005030
0 0.389116 0.632106 0.016750 0.015490
0 0.579642 0.752142 0.028327 0.014366
0 0.413933 0.549919 0.016952 0.017292
0 0.682364 0.685570 0.026701 0.026436
0 0.529880 0.666461 0.032666 0.017254
0 0.566675 0.698512 0.028928 0.017424
0 0.464935 0.574613 0.015435 0.014531
0 0.470332 0.627243 0.017884 0.013675
0 0.572735 0.598085 0.022404 0.020337
0 0.191603 0.667698 0.034463 0.051015
