0 0.350264 0.625678 0.016911 0.018444
0 0.493651 0.643423 0.013971 0.004625
0 0.459632 0.650100 0.016203 0.010532
0 0.495392 0.603225 0.008337 0.005530
0 0.389095 0.632138 0.014447 0.013558
0 0.579625 0.752232 0.023580 0.011883
0 0.440715 0.555310 0.013409 0.013379
0 0.738613 0.637959 0.027006 0.036430
0 0.558937 0.638163 0.024552 0.018225
0 0.538377 0.727391 0.031508 0.015191
0 0.538727 0.574022 0.014695 0.012850
0 0.504173 0.563095 0.010141 0.010894
0 0.370298 0.618880 0.019841 0.020540
0 0.536096 0.604192 0.015542 0.012539
0 0.199769 0.566769 0.015400 0.033332
0 0.395436 0.447701 0.013574 0.016369
0 0.316735 0.595695 0.025511 0.035458
