0 0.350475 0.625504 0.017334 0.018792
0 0.493599 0.643454 0.012802 0.006871
0 0.459725 0.649845 0.014720 0.009620
0 0.495356 0.603208 0.009288 0.006718
0 0.389103 0.632138 0.012555 0.011709
0 0.579746 0.752472 0.026326 0.014231
0 0.420515 0.551804 0.016357 0.017033
0 0.696024 0.676550 0.031915 0.033919
0 0.537418 0.660454 0.026289 0.016137
0 0.561224 0.705556 0.033471 0.018959
0 0.481878 0.580322 0.012759 0.012433
0 0.479350 0.545822 0.010197 0.012118
0 0.449372 0.631306 0.020289 0.014651
0 0.606756 0.573502 0.017182 0.019181
0 0.564105 0.561921 0.015116 0.015162
0 0.221422 0.651378 0.023238 0.034921
