0 0.350264 0.625678 0.016911 0.018444
0 0.493636 0.643191 0.011503 0.006242
0 0.459720 0.649819 0.016027 0.009969
0 0.495407 0.603206 0.009188 0.004418
0 0.389279 0.631911 0.015949 0.014949
0 0.579650 0.752318 0.019524 0.011595
0 0.411268 0.548429 0.016565 0.019371
0 0.676417 0.689156 0.030650 0.029404
0 0.525555 0.669168 0.023444 0.011841
0 0.569316 0.694909 0.029180 0.019337
0 0.459252 0.570332 0.012613 0.011929
0 0.478955 0.623925 0.017851 0.012355
0 0.573228 0.612507 0.020359 0.018239
0 0.180556 0.677221 0.028692 0.042963
