0 0.350243 0.625693 0.015816 0.017139
0 0.493645 0.643501 0.010248 0.005614
0 0.459638 0.650126 0.014893 0.010182
0 0.495381 0.602920 0.009238 0.006142
0 0.389116 0.632106 0.016750 0.015490
0 0.579647 0.752193 0.026127 0.013674
0 0.438300 0.555585 0.011795 0.011841
0 0.733940 0.643594 0.030808 0.039290
0 0.556258 0.641859 0.024869 0.020637
0 0.541919 0.724438 0.031298 0.015625
0 0.532270 0.577119 0.015834 0.015352
0 0.498165 0.563755 0.010413 0.012882
0 0.380970 0.623232 0.029588 0.029213
0 0.545025 0.602855 0.020286 0.016508
0 0.209128 0.620728 0.024815 0.041852
0 0.409091 0.452528 0.012510 0.014030
0 0.305985 0.603351 0.021633 0.029731
