0 0.350239 0.625687 0.013839 0.015093
0 0.493649 0.643452 0.012702 0.004571
0 0.459738 0.649889 0.012105 0.008921
0 0.495356 0.603208 0.009288 0.006718
0 0.389112 0.632124 0.013707 0.012676
0 0.579629 0.752274 0.021379 0.011190
0 0.437353 0.555481 0.014988 0.015038
0 0.731861 0.644969 0.019769 0.025925
0 0.555324 0.643329 0.024987 0.017823
0 0.543656 0.723212 0.030898 0.014150
0 0.528623 0.578164 0.011426 0.010254
0 0.495250 0.563988 0.007947 0.010261
0 0.385597 0.624801 0.024408 0.023588
0 0.549059 0.602632 0.012578 0.010412
0 0.217594 0.647182 0.025625 0.038512
0 0.415339 0.454701 0.017325 0.018215
0 0.299770 0.606736 0.026375 0.036608
