0 0.350264 0.625678 0.016911 0.018444
0 0.493649 0.643165 0.012702 0.005145
0 0.459749 0.649839 0.014422 0.008508
0 0.495392 0.603225 0.008337 0.005530
0 0.389116 0.632106 0.016750 0.015490
0 0.579647 0.752193 0.026127 0.013674
0 0.439843 0.555157 0.013560 0.013686
0 0.736891 0.639709 0.026204 0.035701
0 0.557000 0.640538 0.021638 0.015432
0 0.540079 0.725967 0.029033 0.012800
0 0.535531 0.575681 0.014274 0.013994
0 0.501194 0.563206 0.009562 0.010496
0 0.375321 0.620410 0.017573 0.017851
0 0.540180 0.603877 0.019827 0.015382
0 0.203646 0.593837 0.025666 0.045401
0 0.402289 0.450003 0.015223 0.017226
0 0.311795 0.600297 0.022749 0.029776
