0 0.350243 0.625693 0.015816 0.017139
0 0.493601 0.643426 0.014082 0.006925
0 0.459701 0.649852 0.015018 0.010732
0 0.495369 0.603226 0.008387 0.006680
0 0.389116 0.632106 0.016750 0.015490
0 0.579629 0.752274 0.021379 0.011190
0 0.428494 0.554007 0.015805 0.017030
0 0.712712 0.663331 0.029583 0.034155
0 0.545631 0.652744 0.024935 0.018444
0 0.553544 0.713361 0.032467 0.018030
0 0.503831 0.582319 0.014583 0.011494
0 0.420545 0.631905 0.024606 0.020134
0 0.581381 0.591922 0.018876 0.018384
0 0.257189 0.629306 0.024921 0.034542
