0 0.350239 0.625687 0.013839 0.015093
0 0.493574 0.643455 0.012853 0.008021
0 0.459738 0.649889 0.012105 0.008921
0 0.495381 0.602920 0.009238 0.006142
0 0.389112 0.632124 0.013707 0.012676
0 0.579746 0.752472 0.026326 0.014231
0 0.419360 0.551488 0.012616 0.013471
0 0.694139 0.677932 0.028944 0.030326
0 0.534865 0.662289 0.023773 0.016327
0 0.562499 0.703731 0.028881 0.015308
0 0.478482 0.579482 0.011798 0.010378
0 0.453396 0.630947 0.020031 0.014202
0 0.610208 0.570361 0.016947 0.019367
0 0.566150 0.568479 0.018115 0.018050
0 0.215757 0.654569 0.031165 0.044936
