0 0.350264 0.625678 0.016911 0.018444
0 0.493601 0.643139 0.014082 0.007498
0 0.459749 0.649839 0.014422 0.008508
0 0.495402 0.603241 0.007436 0.005491
0 0.389104 0.632123 0.015599 0.014524
0 0.579607 0.752268 0.021033 0.010092
0 0.429827 0.553910 0.011567 0.011895
0 0.716929 0.660694 0.033505 0.038501
0 0.546586 0.651237 0.024495 0.017452
0 0.551820 0.714696 0.030281 0.015697
0 0.507546 0.582202 0.011723 0.011822
0 0.415911 0.631771 0.021886 0.018263
0 0.577395 0.593773 0.020478 0.019438
0 0.263439 0.626052 0.028823 0.040523
