0 0.350226 0.625712 0.016698 0.017878
0 0.493658 0.643190 0.011452 0.005092
0 0.459720 0.649819 0.016027 0.009969
0 0.495357 0.602901 0.010216 0.007329
0 0.389095 0.632138 0.014447 0.013558
0 0.579629 0.752274 0.021379 0.011190
0 0.426828 0.554234 0.013080 0.013721
0 0.710613 0.664682 0.035454 0.041319
0 0.544553 0.654124 0.027091 0.016888
0 0.555223 0.712264 0.033979 0.017610
0 0.500000 0.582664 0.014692 0.011481
0 0.425264 0.631742 0.022342 0.018763
0 0.585851 0.588888 0.017615 0.017429
0 0.545826 0.532191 0.010507 0.010205
0 0.250813 0.632651 0.022658 0.032337
