0 0.350281 0.625657 0.016029 0.017704
0 0.493601 0.643426 0.014082 0.006925
0 0.459725 0.649845 0.014720 0.009620
0 0.495357 0.602901 0.010216 0.007329
0 0.389152 0.632066 0.017162 0.015574
0 0.579614 0.752133 0.027981 0.013269
0 0.418414 0.551156 0.015442 0.016154
0 0.690816 0.681100 0.029632 0.030438
0 0.533414 0.662844 0.023172 0.013354
0 0.564039 0.702067 0.031527 0.019318
0 0.474891 0.578473 0.015099 0.014629
0 0.457474 0.629945 0.020394 0.015917
0 0.613906 0.565948 0.017071 0.019796
0 0.568100 0.575591 0.014996 0.014715
0 0.209902 0.657698 0.028719 0.042397
