0 0.350264 0.625678 0.016911 0.018444
0 0.493647 0.643214 0.010253 0.006188
0 0.459753 0.649863 0.013115 0.008159
0 0.495383 0.602878 0.011084 0.006218
0 0.389104 0.632123 0.015599 0.014524
0 0.579625 0.752232 0.023580 0.011883
0 0.423302 0.552879 0.016349 0.016880
0 0.701898 0.672495 0.029140 0.032041
0 0.539704 0.658142 0.024192 0.013875
0 0.558070 0.708040 0.032304 0.019693
0 0.488898 0.581799 0.012709 0.011190
0 0.476049 0.542878 0.010060 0.011149
0 0.439338 0.632394 0.025573 0.019935
0 0.597994 0.580845 0.016519 0.017452
0 0.557915 0.549534 0.014327 0.014282
0 0.233887 0.644686 0.027517 0.039526
