0 0.350243 0.625693 0.015816 0.017139
0 0.493601 0.643139 0.014082 0.007498
0 0.459725 0.649845 0.014720 0.009620
0 0.495416 0.602937 0.008289 0.004953
0 0.389123 0.632107 0.014859 0.013642
0 0.579746 0.752472 0.026326 0.014231
0 0.431770 0.464302 0.012698 0.012249
0 0.749044 0.627093 0.024819 0.036803
0 0.563553 0.632650 0.024388 0.019243
0 0.533038 0.732277 0.039950 0.015088
0 0.551270 0.566746 0.010606 0.010391
0 0.515090 0.561561 0.010475 0.011995
0 0.350803 0.608529 0.023042 0.026579
0 0.518626 0.604203 0.015051 0.010332
0 0.211000 0.461535 0.016805 0.046905
