0 0.350243 0.625693 0.015816 0.017139
0 0.493599 0.643454 0.012802 0.006871
0 0.459720 0.649819 0.016027 0.009969
0 0.495381 0.602920 0.009238 0.006142
0 0.389104 0.632123 0.015599 0.014524
0 0.579651 0.752281 0.021725 0.012288
0 0.435566 0.555079 0.012358 0.012530
0 0.729016 0.648860 0.025079 0.031317
0 0.554194 0.644077 0.025215 0.018222
0 0.545463 0.721590 0.035098 0.017393
0 0.525495 0.579582 0.015607 0.015776
0 0.492360 0.563359 0.011691 0.011465
0 0.390369 0.626031 0.025129 0.023963
0 0.554185 0.601436 0.018939 0.017715
0 0.422046 0.457464 0.014629 0.015134
0 0.293608 0.610025 0.026945 0.036307
