0 0.350264 0.625678 0.016911 0.018444
0 0.493599 0.643454 0.012802 0.006871
0 0.459731 0.649869 0.013413 0.009271
0 0.495382 0.602900 0.010161 0.006180
0 0.389104 0.632123 0.015599 0.014524
0 0.579746 0.752472 0.026326 0.014231
0 0.433480 0.554903 0.013755 0.013754
0 0.723545 0.653824 0.034021 0.042963
0 0.550995 0.647142 0.023201 0.018049
0 0.546890 0.719811 0.022668 0.011804
0 0.518334 0.581436 0.012657 0.011344
0 0.400734 0.629238 0.022516 0.020277
0 0.563088 0.598805 0.017565 0.015510
0 0.281455 0.616460 0.026893 0.037577
