0 0.350243 0.625693 0.015816 0.017139
0 0.493636 0.643191 0.011503 0.006242
0 0.459749 0.649839 0.014422 0.008508
0 0.495331 0.603209 0.009338 0.007868
0 0.389123 0.632107 0.014859 0.013642
0 0.579625 0.752232 0.023580 0.011883
0 0.431072 0.463108 0.014752 0.014740
0 0.564242 0.631394 0.018441 0.014509
0 0.530908 0.733340 0.023466 0.010937
0 0.554037 0.564289 0.016532 0.016346
0 0.517702 0.560552 0.012205 0.012112
0 0.346563 0.605569 0.019994 0.023635
0 0.513952 0.603507 0.014082 0.012497
0 0.218578 0.437294 0.018260 0.041461
