0 0.350243 0.625693 0.015816 0.017139
0 0.493649 0.643165 0.012702 0.005145
0 0.459753 0.649863 0.013115 0.008159
0 0.495381 0.603207 0.009238 0.005568
0 0.389104 0.632123 0.015599 0.014524
0 0.579620 0.752185 0.025781 0.012576
0 0.430728 0.554220 0.014774 0.015071
0 0.718809 0.659095 0.027802 0.032826
0 0.549005 0.649815 0.025444 0.017063
0 0.550334 0.716815 0.030481 0.015521
0 0.511140 0.582108 0.012108 0.011674
0 0.410389 0.630219 0.020795 0.018043
0 0.572356 0.595899 0.016901 0.015713
0 0.269202 0.622985 0.027802 0.037915
