0 0.350243 0.625693 0.015816 0.017139
0 0.493658 0.643190 0.011452 0.005092
0 0.459746 0.649812 0.015729 0.008857
0 0.495393 0.602938 0.008340 0.006104
0 0.389116 0.632106 0.016750 0.015490
0 0.579649 0.752240 0.023926 0.012981
0 0.430048 0.462522 0.016163 0.016029
0 0.565192 0.630297 0.021677 0.017765
0 0.529072 0.734978 0.025678 0.011588
0 0.556767 0.561898 0.016533 0.016440
0 0.520303 0.559767 0.011964 0.012227
0 0.341081 0.601384 0.020530 0.025445
0 0.509268 0.602525 0.014238 0.010337
0 0.229160 0.414294 0.021803 0.040973
