0 0.350224 0.625705 0.014721 0.015833
0 0.493599 0.643167 0.012802 0.007445
0 0.459725 0.649845 0.014720 0.009620
0 0.495382 0.602900 0.010161 0.006180
0 0.389085 0.632140 0.016339 0.015406
0 0.579649 0.752240 0.023926 0.012981
0 0.424020 0.553327 0.014492 0.015212
0 0.705338 0.669346 0.029706 0.033105
0 0.540891 0.656921 0.025611 0.014927
0 0.556423 0.709815 0.024219 0.014226
0 0.492473 0.582176 0.012340 0.010737
0 0.474505 0.541324 0.010560 0.011366
0 0.435116 0.632609 0.022306 0.016783
0 0.594062 0.583265 0.017049 0.017579
0 0.553980 0.543040 0.014152 0.013845
0 0.239602 0.641527 0.023126 0.033403
