0 0.350243 0.625693 0.015816 0.017139
0 0.493649 0.643452 0.012702 0.004571
0 0.459725 0.649845 0.014720 0.009620
0 0.495383 0.602878 0.011084 0.006218
0 0.389085 0.632140 0.016339 0.015406
0 0.579651 0.752281 0.021725 0.012288
0 0.421931 0.552822 0.015902 0.017034
0 0.700037 0.673935 0.026244 0.028360
0 0.538654 0.659460 0.028763 0.015848
0 0.559520 0.706471 0.030063 0.018255
0 0.485429 0.581042 0.010996 0.011817
0 0.477673 0.544374 0.009903 0.011122
0 0.443824 0.631638 0.021952 0.018427
0 0.602108 0.577041 0.016743 0.018006
0 0.561076 0.555045 0.015398 0.015576
0 0.227777 0.647969 0.025651 0.037399
