0 0.350239 0.625687 0.013839 0.015093
0 0.493636 0.643191 0.011503 0.006242
0 0.459725 0.649845 0.014720 0.009620
0 0.495407 0.602919 0.009188 0.004992
0 0.389116 0.632106 0.016750 0.015490
0 0.579629 0.752274 0.021379 0.011190
0 0.434572 0.466476 0.012044 0.012474
0 0.742212 0.634521 0.031331 0.045228
0 0.559814 0.636868 0.024670 0.018844
0 0.536535 0.728841 0.031430 0.013834
0 0.541901 0.572101 0.017341 0.016975
0 0.506947 0.562917 0.009324 0.011156
0 0.365730 0.616781 0.023083 0.024359
0 0.531243 0.604531 0.016466 0.013425
0 0.199064 0.539793 0.011222 0.029885
0 0.389042 0.445663 0.015868 0.018810
