0 0.680556 0.529954 0.012500 0.011521
0 0.902778 0.898618 0.013889 0.010369
0 0.569444 0.241935 0.012500 0.008065
0 0.687500 0.449309 0.013889 0.009217
0 0.444444 0.357143 0.013889 0.009217
0 0.708333 0.541475 0.013889 0.010369
0 0.494444 0.154378 0.020833 0.020737
0 0.519444 0.585253 0.020833 0.020737
0 0.531944 0.457373 0.027778 0.025346
0 0.683333 0.076037 0.019444 0.016129
0 0.430556 0.403226 0.025000 0.019585
0 0.576389 0.397465 0.022222 0.017281
0 0.545833 0.152074 0.022222 0.014977
0 0.709722 0.187788 0.019444 0.017281
0 0.575000 0.518433 0.026389 0.021889
