0 0.680556 0.529954 0.015278 0.012673
0 0.902778 0.898618 0.012500 0.010369
0 0.569444 0.241935 0.013889 0.012673
0 0.687500 0.449309 0.013889 0.011521
0 0.444444 0.357143 0.016667 0.012673
0 0.708333 0.541475 0.011111 0.009217
0 0.494444 0.156682 0.015278 0.014977
0 0.522222 0.585253 0.023611 0.020737
0 0.531944 0.459677 0.019444 0.017281
0 0.676389 0.076037 0.020833 0.020737
0 0.423611 0.403226 0.025000 0.021889
0 0.570833 0.392857 0.015278 0.013825
0 0.561111 0.157834 0.022222 0.026498
0 0.712500 0.201613 0.016667 0.013825
0 0.587500 0.527650 0.022222 0.021889
