0 0.680556 0.529954 0.015278 0.010369
0 0.902778 0.898618 0.012500 0.011521
0 0.569444 0.241935 0.015278 0.011521
0 0.687500 0.449309 0.012500 0.008065
0 0.444444 0.357143 0.013889 0.009217
0 0.708333 0.541475 0.012500 0.011521
0 0.494444 0.161290 0.019444 0.016129
0 0.527778 0.585253 0.020833 0.019585
0 0.531944 0.464286 0.023611 0.019585
0 0.409722 0.403226 0.022222 0.024194
0 0.561111 0.384793 0.025000 0.026498
0 0.591667 0.169355 0.015278 0.013825
0 0.718056 0.228111 0.020833 0.019585
0 0.763889 0.109447 0.022222 0.021889
0 0.612500 0.546083 0.020833 0.017281
