0 0.680556 0.529954 0.012500 0.009217
0 0.902778 0.898618 0.016667 0.011521
0 0.569444 0.241935 0.013889 0.012673
0 0.687500 0.449309 0.015278 0.011521
0 0.444444 0.357143 0.013889 0.009217
0 0.708333 0.541475 0.011111 0.012673
0 0.602778 0.110599 0.023611 0.021889
0 0.494444 0.135945 0.023611 0.021889
0 0.612500 0.161290 0.026389 0.021889
0 0.497222 0.586406 0.023611 0.020737
0 0.533333 0.438940 0.022222 0.018433
0 0.506944 0.078341 0.020833 0.020737
0 0.486111 0.403226 0.022222 0.018433
0 0.425000 0.105991 0.018056 0.019585
