0 0.680556 0.529954 0.013889 0.010369
0 0.902778 0.898618 0.015278 0.011521
0 0.569444 0.241935 0.015278 0.013825
0 0.687500 0.449309 0.012500 0.011521
0 0.444444 0.357143 0.013889 0.010369
0 0.708333 0.541475 0.016667 0.012673
0 0.494444 0.152074 0.018056 0.018433
0 0.516667 0.585253 0.023611 0.017281
0 0.531944 0.455069 0.015278 0.013825
0 0.690278 0.077189 0.023611 0.024194
0 0.437500 0.403226 0.015278 0.013825
0 0.580556 0.400922 0.023611 0.018433
0 0.531944 0.146313 0.018056 0.019585
0 0.706944 0.173963 0.015278 0.012673
0 0.562500 0.509217 0.020833 0.020737
