0 0.680556 0.529954 0.013889 0.011521
0 0.902778 0.898618 0.012500 0.013825
0 0.569444 0.241935 0.013889 0.010369
0 0.687500 0.449309 0.016667 0.011521
0 0.444444 0.357143 0.012500 0.012673
0 0.708333 0.541475 0.012500 0.009217
0 0.494444 0.142857 0.020833 0.018433
0 0.620833 0.158986 0.025000 0.021889
0 0.505556 0.585253 0.022222 0.026498
0 0.533333 0.445853 0.020833 0.017281
0 0.550000 0.093318 0.016667 0.014977
0 0.495833 0.093318 0.020833 0.017281
0 0.465278 0.403226 0.020833 0.019585
0 0.600000 0.417051 0.023611 0.023041
0 0.470833 0.123272 0.020833 0.020737
0 0.513889 0.472350 0.020833 0.019585
