0 0.680556 0.529954 0.012500 0.009217
0 0.902778 0.898618 0.013889 0.010369
0 0.569444 0.241935 0.011111 0.009217
0 0.687500 0.449309 0.013889 0.008065
0 0.444444 0.357143 0.013889 0.012673
0 0.708333 0.541475 0.013889 0.012673
0 0.494444 0.165899 0.016667 0.019585
0 0.533333 0.584101 0.023611 0.020737
0 0.531944 0.468894 0.015278 0.013825
0 0.395833 0.403226 0.020833 0.020737
0 0.551389 0.376728 0.016667 0.017281
0 0.622222 0.180876 0.023611 0.020737
0 0.723611 0.255760 0.020833 0.017281
0 0.795833 0.110599 0.020833 0.020737
0 0.637500 0.564516 0.026389 0.019585
