0 0.680556 0.529954 0.016667 0.011521
0 0.902778 0.898618 0.013889 0.011521
0 0.569444 0.241935 0.013889 0.009217
0 0.687500 0.449309 0.012500 0.011521
0 0.444444 0.357143 0.015278 0.013825
0 0.708333 0.541475 0.016667 0.012673
0 0.495833 0.182028 0.015278 0.013825
0 0.552778 0.584101 0.018056 0.019585
0 0.530556 0.485023 0.022222 0.025346
0 0.347222 0.404378 0.019444 0.014977
0 0.516667 0.349078 0.022222 0.023041
0 0.727778 0.221198 0.020833 0.021889
0 0.741667 0.351382 0.019444 0.017281
0 0.723611 0.629032 0.022222 0.018433
