0 0.680556 0.529954 0.013889 0.011521
0 0.902778 0.898618 0.012500 0.010369
0 0.569444 0.241935 0.013889 0.010369
0 0.687500 0.449309 0.012500 0.010369
0 0.444444 0.357143 0.013889 0.011521
0 0.708333 0.541475 0.011111 0.012673
0 0.494444 0.163594 0.022222 0.023041
0 0.530556 0.585253 0.020833 0.016129
0 0.531944 0.466590 0.020833 0.020737
0 0.402778 0.403226 0.025000 0.024194
0 0.555556 0.381336 0.019444 0.016129
0 0.606944 0.175115 0.020833 0.020737
0 0.720833 0.241935 0.025000 0.025346
0 0.779167 0.109447 0.020833 0.016129
0 0.625000 0.555300 0.026389 0.020737
