0 0.680556 0.529954 0.015278 0.011521
0 0.902778 0.898618 0.015278 0.012673
0 0.569444 0.241935 0.012500 0.009217
0 0.687500 0.449309 0.013889 0.010369
0 0.444444 0.357143 0.013889 0.010369
0 0.708333 0.541475 0.012500 0.010369
0 0.494444 0.140553 0.022222 0.021889
0 0.618056 0.160138 0.023611 0.021889
0 0.502778 0.586406 0.020833 0.020737
0 0.533333 0.443548 0.020833 0.019585
0 0.556944 0.094470 0.019444 0.014977
0 0.500000 0.088710 0.019444 0.017281
0 0.472222 0.403226 0.020833 0.021889
0 0.605556 0.421659 0.020833 0.017281
0 0.455556 0.117512 0.026389 0.019585
