0 0.680556 0.529954 0.013889 0.012673
0 0.902778 0.898618 0.013889 0.010369
0 0.569444 0.241935 0.013889 0.011521
0 0.687500 0.449309 0.015278 0.009217
0 0.444444 0.357143 0.015278 0.011521
0 0.708333 0.541475 0.012500 0.010369
0 0.494444 0.168203 0.025000 0.021889
0 0.536111 0.584101 0.023611 0.018433
0 0.531944 0.471198 0.016667 0.012673
0 0.388889 0.403226 0.018056 0.017281
0 0.545833 0.373272 0.026389 0.025346
0 0.637500 0.186636 0.019444 0.017281
0 0.725000 0.269585 0.015278 0.014977
0 0.812500 0.111751 0.020833 0.023041
0 0.650000 0.573733 0.016667 0.018433
