0 0.680556 0.529954 0.012500 0.010369
0 0.902778 0.898618 0.012500 0.010369
0 0.569444 0.241935 0.015278 0.010369
0 0.687500 0.449309 0.015278 0.011521
0 0.444444 0.357143 0.012500 0.010369
0 0.708333 0.541475 0.013889 0.009217
0 0.494444 0.170507 0.019444 0.017281
0 0.538889 0.584101 0.026389 0.020737
0 0.531944 0.473502 0.018056 0.016129
0 0.381944 0.403226 0.019444 0.017281
0 0.541667 0.368664 0.022222 0.018433
0 0.652778 0.192396 0.019444 0.017281
0 0.727778 0.283410 0.019444 0.017281
0 0.829167 0.112903 0.020833 0.020737
0 0.661111 0.582949 0.020833 0.018433
