0 0.680556 0.529954 0.015278 0.011521
0 0.902778 0.898618 0.016667 0.012673
0 0.569444 0.241935 0.011111 0.011521
0 0.687500 0.449309 0.012500 0.012673
0 0.444444 0.357143 0.013889 0.013825
0 0.708333 0.541475 0.012500 0.013825
0 0.604167 0.108295 0.026389 0.020737
0 0.494444 0.133641 0.019444 0.017281
0 0.609722 0.161290 0.018056 0.018433
0 0.494444 0.586406 0.020833 0.018433
0 0.533333 0.436636 0.020833 0.020737
0 0.509722 0.073733 0.022222 0.026498
0 0.493056 0.403226 0.022222 0.021889
0 0.411111 0.100230 0.022222 0.019585
