0 0.680556 0.529954 0.013889 0.009217
0 0.902778 0.898618 0.015278 0.010369
0 0.569444 0.241935 0.013889 0.010369
0 0.687500 0.449309 0.011111 0.009217
0 0.444444 0.357143 0.012500 0.011521
0 0.708333 0.541475 0.012500 0.009217
0 0.494444 0.175115 0.022222 0.023041
0 0.544444 0.584101 0.019444 0.018433
0 0.531944 0.478111 0.025000 0.019585
0 0.368056 0.404378 0.019444 0.017281
0 0.531944 0.360599 0.020833 0.017281
0 0.681944 0.203917 0.022222 0.021889
0 0.733333 0.311060 0.026389 0.020737
0 0.862500 0.115207 0.016667 0.017281
0 0.686111 0.601382 0.020833 0.017281
