0 0.680556 0.529954 0.015278 0.012673
0 0.902778 0.898618 0.013889 0.010369
0 0.569444 0.241935 0.013889 0.009217
0 0.687500 0.449309 0.013889 0.011521
0 0.444444 0.357143 0.015278 0.012673
0 0.708333 0.541475 0.013889 0.013825
0 0.494444 0.158986 0.022222 0.027650
0 0.525000 0.585253 0.020833 0.017281
0 0.531944 0.461982 0.019444 0.019585
0 0.416667 0.403226 0.018056 0.013825
0 0.565278 0.389401 0.022222 0.027650
0 0.576389 0.163594 0.020833 0.021889
0 0.715278 0.215438 0.020833 0.017281
0 0.600000 0.536866 0.020833 0.021889
