0 0.680556 0.529954 0.016667 0.011521
0 0.902778 0.898618 0.012500 0.010369
0 0.569444 0.241935 0.012500 0.010369
0 0.687500 0.449309 0.012500 0.009217
0 0.444444 0.357143 0.016667 0.012673
0 0.708333 0.541475 0.012500 0.011521
0 0.494444 0.149770 0.020833 0.019585
0 0.513889 0.585253 0.020833 0.018433
0 0.533333 0.452765 0.016667 0.018433
0 0.697222 0.077189 0.023611 0.019585
0 0.444444 0.403226 0.027778 0.024194
0 0.586111 0.405530 0.026389 0.023041
0 0.516667 0.140553 0.020833 0.016129
0 0.704167 0.160138 0.026389 0.020737
0 0.550000 0.500000 0.022222 0.026498
