0 0.680556 0.529954 0.012500 0.010369
0 0.902778 0.898618 0.013889 0.012673
0 0.569444 0.241935 0.016667 0.011521
0 0.687500 0.449309 0.016667 0.010369
0 0.444444 0.357143 0.015278 0.012673
0 0.708333 0.541475 0.013889 0.011521
0 0.494444 0.138249 0.025000 0.020737
0 0.615278 0.160138 0.023611 0.019585
0 0.500000 0.586406 0.019444 0.016129
0 0.533333 0.441244 0.026389 0.020737
0 0.563889 0.095622 0.023611 0.019585
0 0.502778 0.084101 0.016667 0.012673
0 0.479167 0.403226 0.018056 0.019585
0 0.611111 0.426267 0.019444 0.019585
0 0.440278 0.111751 0.018056 0.019585
