0 0.680556 0.529954 0.011111 0.010369
0 0.902778 0.898618 0.012500 0.010369
0 0.569444 0.241935 0.013889 0.012673
0 0.687500 0.449309 0.012500 0.012673
0 0.444444 0.357143 0.016667 0.011521
0 0.708333 0.541475 0.013889 0.012673
0 0.494444 0.177419 0.025000 0.019585
0 0.547222 0.584101 0.020833 0.017281
0 0.531944 0.480415 0.022222 0.024194
0 0.361111 0.404378 0.020833 0.019585
0 0.526389 0.357143 0.023611 0.020737
0 0.697222 0.209677 0.023611 0.023041
0 0.736111 0.323733 0.022222 0.020737
0 0.698611 0.610599 0.020833 0.017281
