0 0.680556 0.529954 0.016667 0.011521
0 0.902778 0.898618 0.015278 0.008065
0 0.569444 0.241935 0.013889 0.011521
0 0.687500 0.449309 0.013889 0.011521
0 0.444444 0.357143 0.015278 0.012673
0 0.708333 0.541475 0.016667 0.010369
0 0.494444 0.147465 0.018056 0.020737
0 0.626389 0.157834 0.018056 0.019585
0 0.511111 0.585253 0.023611 0.020737
0 0.533333 0.450461 0.020833 0.023041
0 0.704167 0.077189 0.026389 0.020737
0 0.536111 0.091014 0.018056 0.020737
0 0.451389 0.403226 0.022222 0.024194
0 0.590278 0.408986 0.020833 0.019585
0 0.501389 0.134793 0.020833 0.024194
0 0.701389 0.146313 0.023611 0.021889
0 0.537500 0.490783 0.023611 0.024194
