0 0.680556 0.529954 0.013889 0.011521
0 0.902778 0.898618 0.018056 0.011521
0 0.569444 0.241935 0.016667 0.011521
0 0.687500 0.449309 0.012500 0.011521
0 0.444444 0.357143 0.012500 0.010369
0 0.708333 0.541475 0.012500 0.012673
0 0.494444 0.145161 0.022222 0.023041
0 0.623611 0.158986 0.018056 0.017281
0 0.508333 0.585253 0.022222 0.018433
0 0.533333 0.448157 0.020833 0.018433
0 0.711111 0.078341 0.020833 0.020737
0 0.543056 0.092166 0.016667 0.019585
0 0.493056 0.099078 0.019444 0.016129
0 0.458333 0.403226 0.020833 0.021889
0 0.595833 0.413594 0.023611 0.021889
0 0.486111 0.129032 0.020833 0.021889
0 0.700000 0.133641 0.020833 0.017281
0 0.525000 0.481567 0.026389 0.027650
