0 0.680556 0.529954 0.013889 0.011521
0 0.902778 0.898618 0.013889 0.012673
0 0.569444 0.241935 0.012500 0.011521
0 0.687500 0.449309 0.012500 0.009217
0 0.444444 0.357143 0.013889 0.012673
0 0.708333 0.541475 0.012500 0.010369
0 0.494444 0.172811 0.020833 0.017281
0 0.541667 0.584101 0.025000 0.020737
0 0.531944 0.475806 0.022222 0.018433
0 0.375000 0.403226 0.022222 0.019585
0 0.536111 0.365207 0.022222 0.021889
0 0.668056 0.198157 0.018056 0.013825
0 0.730556 0.297235 0.020833 0.020737
0 0.845833 0.114055 0.016667 0.014977
0 0.673611 0.592166 0.020833 0.020737
