0 0.638889 0.391705 0.015278 0.013825
0 0.506944 0.288018 0.013889 0.012673
0 0.541667 0.311060 0.013889 0.012673
0 0.506944 0.207373 0.013889 0.012673
0 0.611111 0.345622 0.011111 0.010369
0 0.451389 0.529954 0.015278 0.013825
0 0.658333 0.190092 0.022222 0.021889
0 0.366667 0.528802 0.022222 0.019585
0 0.463889 0.330645 0.023611 0.023041
0 0.454167 0.429724 0.023611 0.020737
0 0.534722 0.164747 0.020833 0.020737
0 0.566667 0.101382 0.020833 0.020737
0 0.558333 0.282258 0.020833 0.018433
0 0.345833 0.259217 0.020833 0.018433
0 0.372222 0.178571 0.020833 0.019585
0 0.670833 0.634793 0.018056 0.013825
