0 0.638889 0.391705 0.013889 0.012673
0 0.506944 0.288018 0.013889 0.012673
0 0.541667 0.311060 0.015278 0.012673
0 0.506944 0.207373 0.013889 0.011521
0 0.611111 0.345622 0.013889 0.011521
0 0.451389 0.529954 0.012500 0.011521
0 0.637500 0.169355 0.018056 0.016129
0 0.341667 0.547235 0.018056 0.020737
0 0.443056 0.308756 0.023611 0.021889
0 0.468056 0.453917 0.023611 0.023041
0 0.451389 0.167051 0.023611 0.025346
0 0.518056 0.129032 0.026389 0.020737
0 0.613889 0.335253 0.022222 0.023041
0 0.422222 0.230415 0.020833 0.024194
0 0.829167 0.178571 0.020833 0.020737
0 0.672222 0.468894 0.023611 0.024194
