0 0.638889 0.391705 0.012500 0.010369
0 0.506944 0.288018 0.015278 0.012673
0 0.541667 0.311060 0.013889 0.013825
0 0.506944 0.207373 0.013889 0.012673
0 0.611111 0.345622 0.013889 0.010369
0 0.451389 0.529954 0.012500 0.011521
0 0.638889 0.170507 0.022222 0.017281
0 0.343056 0.546083 0.020833 0.020737
0 0.445833 0.311060 0.026389 0.020737
0 0.468056 0.451613 0.018056 0.019585
0 0.458333 0.167051 0.022222 0.018433
0 0.608333 0.330645 0.018056 0.020737
0 0.415278 0.232719 0.026389 0.021889
0 0.672222 0.482719 0.022222 0.021889
