0 0.638889 0.391705 0.015278 0.012673
0 0.506944 0.288018 0.015278 0.013825
0 0.541667 0.311060 0.013889 0.009217
0 0.506944 0.207373 0.011111 0.010369
0 0.611111 0.345622 0.013889 0.011521
0 0.451389 0.529954 0.012500 0.008065
0 0.645833 0.177419 0.016667 0.014977
0 0.351389 0.540323 0.022222 0.027650
0 0.452778 0.317972 0.022222 0.023041
0 0.462500 0.443548 0.020833 0.018433
0 0.486111 0.165899 0.020833 0.021889
0 0.590278 0.313364 0.020833 0.017281
0 0.390278 0.243088 0.023611 0.020737
0 0.672222 0.538018 0.023611 0.023041
