0 0.638889 0.391705 0.013889 0.011521
0 0.506944 0.288018 0.013889 0.009217
0 0.541667 0.311060 0.012500 0.010369
0 0.506944 0.207373 0.013889 0.010369
0 0.611111 0.345622 0.013889 0.012673
0 0.451389 0.529954 0.015278 0.010369
0 0.644444 0.176267 0.020833 0.019585
0 0.350000 0.541475 0.019444 0.020737
0 0.450000 0.316820 0.023611 0.020737
0 0.463889 0.445853 0.020833 0.018433
0 0.479167 0.165899 0.020833 0.020737
0 0.595833 0.316820 0.019444 0.017281
0 0.397222 0.240783 0.019444 0.017281
0 0.672222 0.524194 0.022222 0.024194
