0 0.638889 0.391705 0.012500 0.011521
0 0.506944 0.288018 0.013889 0.013825
0 0.541667 0.311060 0.013889 0.012673
0 0.506944 0.207373 0.015278 0.011521
0 0.611111 0.345622 0.013889 0.014977
0 0.451389 0.529954 0.013889 0.012673
0 0.652778 0.185484 0.020833 0.018433
0 0.359722 0.533410 0.020833 0.020737
0 0.459722 0.324885 0.023611 0.018433
0 0.458333 0.435484 0.016667 0.017281
0 0.513889 0.165899 0.022222 0.019585
0 0.587500 0.097926 0.022222 0.018433
0 0.572222 0.296083 0.022222 0.018433
0 0.365278 0.252304 0.019444 0.018433
0 0.356944 0.138249 0.020833 0.023041
0 0.670833 0.593318 0.018056 0.016129
