0 0.638889 0.391705 0.015278 0.012673
0 0.506944 0.288018 0.012500 0.010369
0 0.541667 0.311060 0.013889 0.010369
0 0.506944 0.207373 0.015278 0.013825
0 0.611111 0.345622 0.012500 0.010369
0 0.451389 0.529954 0.015278 0.011521
0 0.826389 0.152074 0.022222 0.018433
0 0.326389 0.557604 0.019444 0.017281
0 0.431944 0.296083 0.020833 0.019585
0 0.476389 0.468894 0.022222 0.020737
0 0.402778 0.168203 0.020833 0.021889
0 0.469444 0.127880 0.019444 0.016129
0 0.645833 0.365207 0.022222 0.018433
0 0.466667 0.214286 0.020833 0.019585
0 0.756944 0.593318 0.026389 0.021889
