0 0.638889 0.391705 0.013889 0.011521
0 0.506944 0.288018 0.011111 0.010369
0 0.541667 0.311060 0.013889 0.013825
0 0.506944 0.207373 0.013889 0.011521
0 0.611111 0.345622 0.015278 0.011521
0 0.451389 0.529954 0.015278 0.011521
0 0.633333 0.165899 0.016667 0.016129
0 0.337500 0.550691 0.022222 0.025346
0 0.440278 0.305300 0.022222 0.027650
0 0.470833 0.458525 0.020833 0.020737
0 0.437500 0.167051 0.023611 0.023041
0 0.504167 0.129032 0.023611 0.025346
0 0.622222 0.343318 0.026389 0.025346
0 0.434722 0.225806 0.025000 0.020737
0 0.687500 0.631336 0.020833 0.019585
0 0.826389 0.206221 0.018056 0.016129
0 0.672222 0.441244 0.020833 0.018433
