0 0.638889 0.391705 0.015278 0.012673
0 0.506944 0.288018 0.012500 0.011521
0 0.541667 0.311060 0.013889 0.011521
0 0.506944 0.207373 0.015278 0.012673
0 0.611111 0.345622 0.015278 0.011521
0 0.451389 0.529954 0.015278 0.013825
0 0.665278 0.198157 0.025000 0.023041
0 0.375000 0.523041 0.027778 0.020737
0 0.470833 0.337558 0.029167 0.023041
0 0.450000 0.420507 0.026389 0.021889
0 0.562500 0.164747 0.016667 0.018433
0 0.540278 0.264977 0.026389 0.021889
0 0.320833 0.268433 0.016667 0.014977
0 0.393056 0.230415 0.022222 0.026498
0 0.670833 0.690092 0.019444 0.019585
