0 0.638889 0.391705 0.012500 0.012673
0 0.506944 0.288018 0.013889 0.013825
0 0.541667 0.311060 0.012500 0.010369
0 0.506944 0.207373 0.015278 0.011521
0 0.611111 0.345622 0.013889 0.009217
0 0.451389 0.529954 0.016667 0.009217
0 0.825000 0.149770 0.020833 0.018433
0 0.329167 0.556452 0.020833 0.017281
0 0.433333 0.298387 0.020833 0.018433
0 0.476389 0.466590 0.020833 0.019585
0 0.409722 0.168203 0.026389 0.021889
0 0.476389 0.127880 0.020833 0.025346
0 0.640278 0.360599 0.020833 0.017281
0 0.459722 0.216590 0.026389 0.021889
0 0.743056 0.600230 0.013889 0.013825
0 0.822222 0.261521 0.016667 0.017281
