0 0.638889 0.391705 0.015278 0.012673
0 0.506944 0.288018 0.011111 0.011521
0 0.541667 0.311060 0.012500 0.010369
0 0.506944 0.207373 0.016667 0.011521
0 0.611111 0.345622 0.013889 0.011521
0 0.451389 0.529954 0.013889 0.010369
0 0.654167 0.186636 0.022222 0.021889
0 0.362500 0.532258 0.020833 0.017281
0 0.461111 0.327189 0.022222 0.018433
0 0.456944 0.433180 0.022222 0.024194
0 0.520833 0.165899 0.022222 0.019585
0 0.580556 0.099078 0.020833 0.018433
0 0.568056 0.291475 0.025000 0.023041
0 0.359722 0.254608 0.019444 0.017281
0 0.362500 0.152074 0.020833 0.020737
0 0.670833 0.607143 0.020833 0.019585
