0 0.638889 0.391705 0.015278 0.009217
0 0.506944 0.288018 0.015278 0.012673
0 0.541667 0.311060 0.013889 0.012673
0 0.506944 0.207373 0.015278 0.013825
0 0.611111 0.345622 0.016667 0.010369
0 0.451389 0.529954 0.016667 0.009217
0 0.661111 0.193548 0.020833 0.020737
0 0.370833 0.526498 0.019444 0.020737
0 0.468056 0.334101 0.020833 0.018433
0 0.451389 0.425115 0.022222 0.021889
0 0.548611 0.164747 0.023611 0.023041
0 0.550000 0.274194 0.020833 0.021889
0 0.333333 0.263825 0.020833 0.020737
0 0.383333 0.203917 0.019444 0.018433
0 0.670833 0.662442 0.020833 0.018433
