0 0.638889 0.391705 0.012500 0.010369
0 0.506944 0.288018 0.012500 0.011521
0 0.541667 0.311060 0.013889 0.012673
0 0.506944 0.207373 0.013889 0.009217
0 0.611111 0.345622 0.015278 0.012673
0 0.451389 0.529954 0.012500 0.009217
0 0.825000 0.147465 0.020833 0.017281
0 0.330556 0.555300 0.026389 0.020737
0 0.434722 0.299539 0.023611 0.021889
0 0.475000 0.464286 0.020833 0.018433
0 0.416667 0.167051 0.025000 0.024194
0 0.483333 0.127880 0.020833 0.020737
0 0.636111 0.355991 0.020833 0.020737
0 0.454167 0.218894 0.020833 0.020737
0 0.729167 0.608295 0.015278 0.014977
0 0.822222 0.247696 0.020833 0.020737
