0 0.638889 0.391705 0.013889 0.011521
0 0.506944 0.288018 0.013889 0.008065
0 0.541667 0.311060 0.013889 0.011521
0 0.506944 0.207373 0.016667 0.011521
0 0.611111 0.345622 0.013889 0.014977
0 0.451389 0.529954 0.012500 0.011521
0 0.655556 0.188940 0.023611 0.020737
0 0.363889 0.531106 0.018056 0.018433
0 0.462500 0.329493 0.026389 0.020737
0 0.455556 0.430876 0.020833 0.021889
0 0.527778 0.164747 0.018056 0.020737
0 0.573611 0.100230 0.020833 0.018433
0 0.563889 0.286866 0.020833 0.024194
0 0.352778 0.256912 0.019444 0.018433
0 0.366667 0.164747 0.023611 0.019585
0 0.670833 0.620968 0.019444 0.017281
