0 0.638889 0.391705 0.013889 0.012673
0 0.506944 0.288018 0.015278 0.012673
0 0.541667 0.311060 0.013889 0.014977
0 0.506944 0.207373 0.012500 0.012673
0 0.611111 0.345622 0.015278 0.012673
0 0.451389 0.529954 0.012500 0.009217
0 0.647222 0.179724 0.026389 0.017281
0 0.354167 0.538018 0.020833 0.020737
0 0.454167 0.320276 0.022222 0.025346
0 0.461111 0.441244 0.022222 0.021889
0 0.493056 0.165899 0.026389 0.021889
0 0.586111 0.308756 0.023611 0.019585
0 0.384722 0.245392 0.020833 0.020737
0 0.672222 0.551843 0.019444 0.020737
