0 0.638889 0.391705 0.012500 0.012673
0 0.506944 0.288018 0.013889 0.011521
0 0.541667 0.311060 0.015278 0.013825
0 0.506944 0.207373 0.012500 0.011521
0 0.611111 0.345622 0.013889 0.012673
0 0.451389 0.529954 0.012500 0.013825
0 0.672222 0.205069 0.016667 0.014977
0 0.383333 0.517281 0.015278 0.017281
0 0.477778 0.345622 0.019444 0.016129
0 0.444444 0.412442 0.016667 0.019585
0 0.590278 0.163594 0.019444 0.017281
0 0.522222 0.247696 0.026389 0.020737
0 0.413889 0.283410 0.023611 0.023041
0 0.669444 0.745392 0.019444 0.021889
