0 0.638889 0.391705 0.013889 0.012673
0 0.506944 0.288018 0.015278 0.013825
0 0.541667 0.311060 0.013889 0.012673
0 0.506944 0.207373 0.012500 0.009217
0 0.611111 0.345622 0.013889 0.009217
0 0.451389 0.529954 0.015278 0.013825
0 0.826389 0.154378 0.018056 0.019585
0 0.325000 0.559908 0.020833 0.018433
0 0.429167 0.294931 0.023611 0.023041
0 0.477778 0.471198 0.026389 0.020737
0 0.395833 0.168203 0.015278 0.013825
0 0.462500 0.127880 0.020833 0.020737
0 0.650000 0.369816 0.022222 0.019585
0 0.472222 0.211982 0.020833 0.016129
0 0.770833 0.585253 0.025000 0.021889
