0 0.638889 0.391705 0.015278 0.012673
0 0.506944 0.288018 0.013889 0.012673
0 0.541667 0.311060 0.012500 0.011521
0 0.506944 0.207373 0.015278 0.011521
0 0.611111 0.345622 0.013889 0.012673
0 0.451389 0.529954 0.015278 0.013825
0 0.640278 0.172811 0.018056 0.020737
0 0.345833 0.543779 0.026389 0.020737
0 0.447222 0.312212 0.020833 0.024194
0 0.466667 0.450461 0.015278 0.014977
0 0.465278 0.167051 0.020833 0.018433
0 0.604167 0.326037 0.020833 0.018433
0 0.409722 0.235023 0.020833 0.017281
0 0.672222 0.496544 0.023611 0.023041
