0 0.638889 0.391705 0.013889 0.012673
0 0.506944 0.288018 0.012500 0.009217
0 0.541667 0.311060 0.015278 0.010369
0 0.506944 0.207373 0.012500 0.011521
0 0.611111 0.345622 0.015278 0.012673
0 0.451389 0.529954 0.013889 0.011521
0 0.827778 0.158986 0.023611 0.024194
0 0.426389 0.291475 0.020833 0.020737
0 0.480556 0.474654 0.016667 0.017281
0 0.381944 0.168203 0.023611 0.023041
0 0.448611 0.126728 0.023611 0.019585
0 0.659722 0.377880 0.020833 0.017281
0 0.486111 0.207373 0.020833 0.018433
0 0.798611 0.570276 0.022222 0.020737
