0 0.638889 0.391705 0.012500 0.009217
0 0.506944 0.288018 0.013889 0.009217
0 0.541667 0.311060 0.015278 0.010369
0 0.506944 0.207373 0.015278 0.009217
0 0.611111 0.345622 0.015278 0.011521
0 0.451389 0.529954 0.016667 0.012673
0 0.666667 0.199309 0.020833 0.024194
0 0.376389 0.521889 0.018056 0.016129
0 0.472222 0.339862 0.029167 0.024194
0 0.448611 0.419355 0.020833 0.018433
0 0.569444 0.164747 0.023611 0.020737
0 0.536111 0.261521 0.019444 0.020737
0 0.398611 0.244240 0.026389 0.020737
0 0.670833 0.703917 0.023611 0.021889
