0 0.638889 0.391705 0.015278 0.011521
0 0.506944 0.288018 0.012500 0.011521
0 0.541667 0.311060 0.015278 0.012673
0 0.506944 0.207373 0.013889 0.008065
0 0.611111 0.345622 0.013889 0.013825
0 0.451389 0.529954 0.011111 0.012673
0 0.670833 0.202765 0.026389 0.020737
0 0.380556 0.518433 0.020833 0.017281
0 0.476389 0.343318 0.020833 0.018433
0 0.445833 0.414747 0.020833 0.021889
0 0.583333 0.163594 0.019444 0.016129
0 0.526389 0.252304 0.020833 0.020737
0 0.408333 0.269585 0.020833 0.020737
0 0.669444 0.731567 0.019444 0.016129
