0 0.638889 0.391705 0.012500 0.010369
0 0.506944 0.288018 0.013889 0.014977
0 0.541667 0.311060 0.011111 0.011521
0 0.506944 0.207373 0.013889 0.011521
0 0.611111 0.345622 0.012500 0.009217
0 0.451389 0.529954 0.015278 0.013825
0 0.659722 0.192396 0.018056 0.016129
0 0.368056 0.527650 0.019444 0.019585
0 0.466667 0.332949 0.020833 0.024194
0 0.452778 0.427419 0.020833 0.014977
0 0.541667 0.164747 0.019444 0.016129
0 0.554167 0.278802 0.020833 0.017281
0 0.340278 0.261521 0.020833 0.018433
0 0.377778 0.191244 0.023611 0.023041
0 0.670833 0.648618 0.022222 0.021889
