0 0.638889 0.391705 0.015278 0.012673
0 0.506944 0.288018 0.015278 0.013825
0 0.541667 0.311060 0.013889 0.009217
0 0.506944 0.207373 0.015278 0.012673
0 0.611111 0.345622 0.012500 0.009217
0 0.451389 0.529954 0.013889 0.013825
0 0.662500 0.195853 0.026389 0.021889
0 0.372222 0.525346 0.022222 0.018433
0 0.469444 0.336406 0.022222 0.026498
0 0.450000 0.422811 0.023611 0.023041
0 0.555556 0.164747 0.022222 0.024194
0 0.544444 0.269585 0.019444 0.019585
0 0.327778 0.266129 0.026389 0.021889
0 0.387500 0.217742 0.022222 0.024194
0 0.670833 0.676267 0.020833 0.019585
