0 0.638889 0.391705 0.015278 0.012673
0 0.506944 0.288018 0.015278 0.008065
0 0.541667 0.311060 0.015278 0.013825
0 0.506944 0.207373 0.012500 0.010369
0 0.611111 0.345622 0.012500 0.011521
0 0.451389 0.529954 0.013889 0.010369
0 0.630556 0.162442 0.018056 0.019585
0 0.333333 0.552995 0.020833 0.020737
0 0.436111 0.301843 0.023611 0.020737
0 0.473611 0.461982 0.020833 0.020737
0 0.423611 0.167051 0.023611 0.016129
0 0.490278 0.127880 0.023611 0.020737
0 0.631944 0.352535 0.018056 0.017281
0 0.447222 0.221198 0.019444 0.017281
0 0.715278 0.616359 0.016667 0.017281
0 0.823611 0.233871 0.019444 0.016129
0 0.673611 0.414747 0.026389 0.021889
