0 0.638889 0.391705 0.013889 0.014977
0 0.506944 0.288018 0.012500 0.009217
0 0.541667 0.311060 0.015278 0.011521
0 0.506944 0.207373 0.015278 0.013825
0 0.611111 0.345622 0.012500 0.012673
0 0.451389 0.529954 0.012500 0.010369
0 0.648611 0.182028 0.019444 0.016129
0 0.355556 0.536866 0.026389 0.020737
0 0.455556 0.321429 0.025000 0.020737
0 0.459722 0.440092 0.023611 0.019585
0 0.500000 0.165899 0.026389 0.023041
0 0.581944 0.304147 0.020833 0.020737
0 0.377778 0.247696 0.020833 0.017281
0 0.347222 0.112903 0.019444 0.016129
0 0.672222 0.565668 0.018056 0.017281
