0 0.638889 0.391705 0.018056 0.010369
0 0.506944 0.288018 0.015278 0.012673
0 0.541667 0.311060 0.016667 0.010369
0 0.506944 0.207373 0.011111 0.009217
0 0.611111 0.345622 0.012500 0.008065
0 0.451389 0.529954 0.011111 0.010369
0 0.668056 0.201613 0.023611 0.020737
0 0.379167 0.520737 0.026389 0.025346
0 0.475000 0.342166 0.020833 0.017281
0 0.447222 0.417051 0.020833 0.020737
0 0.576389 0.164747 0.022222 0.017281
0 0.531944 0.256912 0.019444 0.017281
0 0.404167 0.256912 0.022222 0.023041
0 0.670833 0.717742 0.020833 0.019585
