0 0.638889 0.391705 0.012500 0.010369
0 0.506944 0.288018 0.013889 0.008065
0 0.541667 0.311060 0.011111 0.011521
0 0.506944 0.207373 0.013889 0.012673
0 0.611111 0.345622 0.012500 0.009217
0 0.451389 0.529954 0.012500 0.010369
0 0.634722 0.167051 0.020833 0.020737
0 0.338889 0.548387 0.015278 0.013825
0 0.441667 0.307604 0.023611 0.020737
0 0.469444 0.456221 0.020833 0.017281
0 0.444444 0.167051 0.018056 0.014977
0 0.511111 0.129032 0.018056 0.019585
0 0.618056 0.338710 0.022222 0.020737
0 0.429167 0.228111 0.015278 0.012673
0 0.673611 0.638249 0.019444 0.017281
0 0.827778 0.192396 0.023611 0.024194
0 0.672222 0.455069 0.025000 0.021889
