0 0.638889 0.391705 0.013889 0.011521
0 0.506944 0.288018 0.013889 0.013825
0 0.541667 0.311060 0.013889 0.010369
0 0.506944 0.207373 0.012500 0.010369
0 0.611111 0.345622 0.015278 0.012673
0 0.451389 0.529954 0.013889 0.012673
0 0.651389 0.183180 0.031944 0.024194
0 0.358333 0.535714 0.020833 0.020737
0 0.456944 0.323733 0.020833 0.021889
0 0.458333 0.437788 0.020833 0.025346
0 0.506944 0.165899 0.019444 0.014977
0 0.594444 0.096774 0.022222 0.018433
0 0.576389 0.299539 0.022222 0.021889
0 0.372222 0.250000 0.016667 0.014977
0 0.351389 0.125576 0.022222 0.023041
0 0.670833 0.579493 0.022222 0.021889
