0 0.638889 0.391705 0.015278 0.012673
0 0.506944 0.288018 0.012500 0.012673
0 0.541667 0.311060 0.015278 0.009217
0 0.506944 0.207373 0.013889 0.013825
0 0.611111 0.345622 0.013889 0.014977
0 0.451389 0.529954 0.015278 0.011521
0 0.641667 0.173963 0.020833 0.018433
0 0.347222 0.542627 0.023611 0.020737
0 0.448611 0.314516 0.022222 0.019585
0 0.465278 0.448157 0.019444 0.017281
0 0.472222 0.165899 0.019444 0.016129
0 0.600000 0.321429 0.020833 0.017281
0 0.402778 0.237327 0.026389 0.024194
0 0.672222 0.510369 0.020833 0.017281
