0 0.638889 0.391705 0.013889 0.011521
0 0.506944 0.288018 0.012500 0.011521
0 0.541667 0.311060 0.013889 0.009217
0 0.506944 0.207373 0.013889 0.014977
0 0.611111 0.345622 0.013889 0.010369
0 0.451389 0.529954 0.013889 0.010369
0 0.827778 0.156682 0.022222 0.021889
0 0.427778 0.292627 0.018056 0.016129
0 0.479167 0.472350 0.015278 0.016129
0 0.388889 0.168203 0.023611 0.021889
0 0.455556 0.126728 0.025000 0.019585
0 0.654167 0.373272 0.019444 0.017281
0 0.479167 0.209677 0.019444 0.021889
0 0.784722 0.578341 0.022222 0.020737
