0 0.638889 0.391705 0.015278 0.011521
0 0.506944 0.288018 0.013889 0.009217
0 0.541667 0.311060 0.013889 0.009217
0 0.506944 0.207373 0.012500 0.010369
0 0.611111 0.345622 0.015278 0.012673
0 0.451389 0.529954 0.015278 0.011521
0 0.631944 0.163594 0.020833 0.017281
0 0.334722 0.551843 0.020833 0.018433
0 0.438889 0.304147 0.020833 0.017281
0 0.472222 0.460829 0.019444 0.016129
0 0.430556 0.167051 0.020833 0.020737
0 0.497222 0.127880 0.022222 0.020737
0 0.627778 0.347926 0.016667 0.013825
0 0.441667 0.223502 0.025000 0.019585
0 0.701389 0.623272 0.022222 0.025346
0 0.825000 0.220046 0.020833 0.020737
0 0.672222 0.427419 0.020833 0.021889
