0 0.260280 0.611880 0.015496 0.023603
0 0.242568 0.132446 0.045032 0.033933
0 0.449054 0.609026 0.013852 0.010539
0 0.292563 0.586010 0.012068 0.018500
0 0.561026 0.667437 0.014926 0.009656
0 0.238935 0.570064 0.011612 0.022151
0 0.502708 0.571799 0.010843 0.011836
0 0.444399 0.556574 0.012452 0.012448
0 0.484513 0.790957 0.041331 0.011314
0 0.453217 0.718775 0.030582 0.015090
0 0.462276 0.509697 0.010712 0.007299
0 0.487532 0.544137 0.007233 0.010705
0 0.502307 0.548836 0.006464 0.008303
0 0.552341 0.694141 0.028263 0.017365
0 0.383020 0.669952 0.031407 0.026332
0 0.505942 0.563878 0.009321 0.011612
0 0.436772 0.520784 0.010889 0.010941
0 0.461897 0.737092 0.041542 0.019846
