0 0.260322 0.611871 0.016470 0.025694
0 0.242670 0.132592 0.042130 0.032142
0 0.449060 0.609088 0.010049 0.008769
0 0.292825 0.585910 0.012591 0.018699
0 0.561159 0.667694 0.017001 0.011818
0 0.238654 0.570150 0.012174 0.022322
0 0.467003 0.542830 0.013018 0.013173
0 0.502468 0.566377 0.008645 0.008903
0 0.448950 0.561850 0.012859 0.012875
0 0.510372 0.792407 0.038931 0.010530
0 0.454453 0.712876 0.029928 0.015488
0 0.497369 0.536449 0.006016 0.013503
0 0.508998 0.700660 0.028823 0.012133
0 0.526630 0.542334 0.011072 0.011968
