0 0.260322 0.611871 0.016470 0.025694
0 0.242568 0.132409 0.031852 0.024466
0 0.448922 0.609327 0.012217 0.010187
0 0.292596 0.586006 0.012817 0.020309
0 0.561049 0.667359 0.019700 0.012329
0 0.238626 0.570108 0.009339 0.019445
0 0.502852 0.577922 0.007844 0.007737
0 0.459086 0.788467 0.044304 0.016264
0 0.454062 0.724576 0.029184 0.014039
0 0.466163 0.517086 0.010947 0.008777
0 0.593056 0.678225 0.033060 0.024266
0 0.415631 0.676642 0.019935 0.014323
0 0.470188 0.572899 0.015122 0.016363
0 0.402071 0.523676 0.009176 0.011872
0 0.362312 0.724354 0.037053 0.028520
