0 0.260369 0.611859 0.017444 0.027784
0 0.242430 0.132226 0.035410 0.027197
0 0.449078 0.609051 0.011465 0.008611
0 0.292563 0.586010 0.012068 0.018500
0 0.561161 0.667666 0.018463 0.012349
0 0.239081 0.570062 0.013439 0.028982
0 0.502470 0.590882 0.009062 0.007131
0 0.404901 0.775514 0.034463 0.020015
0 0.453440 0.737282 0.035694 0.019422
0 0.665210 0.615777 0.020262 0.024480
0 0.481460 0.672631 0.025338 0.013967
0 0.390947 0.515674 0.012823 0.015809
0 0.325150 0.509388 0.009733 0.021913
0 0.191067 0.552006 0.016297 0.044715
