0 0.260252 0.611868 0.013478 0.021025
0 0.242517 0.132365 0.041825 0.031688
0 0.448922 0.609327 0.012217 0.010187
0 0.292633 0.586000 0.013565 0.022118
0 0.561025 0.667411 0.016387 0.010187
0 0.238897 0.570062 0.011003 0.019873
0 0.466660 0.544057 0.013080 0.013624
0 0.502546 0.567471 0.010836 0.011258
0 0.447647 0.561188 0.017203 0.016937
0 0.505194 0.792359 0.044219 0.011097
0 0.454286 0.713656 0.031782 0.015342
0 0.498095 0.538776 0.005721 0.009984
0 0.517849 0.700384 0.028822 0.011611
0 0.524137 0.547013 0.009764 0.011424
