0 0.260291 0.611858 0.014453 0.023117
0 0.242430 0.132226 0.035410 0.027197
0 0.448922 0.609327 0.012217 0.010187
0 0.292904 0.585877 0.013023 0.021872
0 0.561021 0.667348 0.019307 0.011248
0 0.238986 0.570041 0.011109 0.024130
0 0.502424 0.589404 0.010512 0.006590
0 0.409764 0.776655 0.048972 0.024213
0 0.453677 0.736003 0.039435 0.019056
0 0.660008 0.622871 0.022917 0.026201
0 0.476800 0.674137 0.023947 0.011553
0 0.395695 0.525300 0.011664 0.015677
0 0.331924 0.512067 0.011762 0.021279
0 0.200143 0.575054 0.019279 0.041661
