0 0.260369 0.611859 0.017444 0.027784
0 0.242670 0.132551 0.037605 0.028013
0 0.449055 0.609061 0.011951 0.009654
0 0.292596 0.586006 0.012817 0.020309
0 0.561050 0.667390 0.018241 0.011799
0 0.239089 0.570033 0.012328 0.028684
0 0.502730 0.573005 0.008878 0.010635
0 0.443813 0.555221 0.013222 0.013212
0 0.479323 0.790565 0.043948 0.013334
0 0.452982 0.719630 0.031051 0.016800
0 0.463282 0.511231 0.011159 0.008855
0 0.489493 0.544335 0.007356 0.011247
0 0.560794 0.691666 0.030416 0.019955
0 0.390245 0.672028 0.027778 0.022593
0 0.499363 0.566966 0.009569 0.012147
0 0.430573 0.522239 0.013657 0.013583
0 0.442503 0.737781 0.038141 0.020211
