0 0.260334 0.611846 0.015427 0.025208
0 0.242394 0.132166 0.032201 0.024950
0 0.449054 0.609045 0.012902 0.010097
0 0.292842 0.585868 0.010464 0.017818
0 0.561025 0.667411 0.016387 0.010187
0 0.238660 0.570128 0.011062 0.022024
0 0.502930 0.579880 0.010262 0.008386
0 0.449029 0.787337 0.039355 0.016263
0 0.453548 0.726648 0.035622 0.016421
0 0.608264 0.669609 0.030172 0.025269
0 0.427775 0.677765 0.032898 0.023539
0 0.453795 0.571025 0.010575 0.010216
0 0.388691 0.522946 0.012542 0.016531
0 0.445870 0.494887 0.011538 0.008517
0 0.323025 0.707143 0.032729 0.029727
