0 0.260252 0.611868 0.013478 0.021025
0 0.242605 0.132469 0.035059 0.026711
0 0.449079 0.609080 0.009562 0.007725
0 0.292876 0.585861 0.011212 0.019625
0 0.561049 0.667419 0.016780 0.011268
0 0.238979 0.570065 0.012221 0.024428
0 0.503052 0.582507 0.009159 0.010075
0 0.439190 0.784401 0.044407 0.019096
0 0.453195 0.729230 0.023510 0.011809
0 0.622741 0.659814 0.027221 0.024263
0 0.440190 0.678184 0.021407 0.014429
0 0.437073 0.565144 0.016825 0.016750
0 0.374380 0.521292 0.011258 0.017884
0 0.447276 0.484102 0.011413 0.009675
0 0.286061 0.682804 0.037749 0.041848
