0 0.260218 0.611876 0.012504 0.018934
0 0.242568 0.132409 0.031852 0.024466
0 0.448922 0.609327 0.012217 0.010187
0 0.292825 0.585910 0.012591 0.018699
0 0.561133 0.667624 0.019532 0.011799
0 0.238979 0.570065 0.012221 0.024428
0 0.503247 0.588109 0.014634 0.010241
0 0.414610 0.778499 0.039017 0.019403
0 0.451872 0.734614 0.035205 0.018498
0 0.654540 0.629747 0.024461 0.026512
0 0.470298 0.675415 0.027674 0.013993
0 0.401550 0.534255 0.015894 0.018352
0 0.339111 0.514434 0.012272 0.023398
0 0.211280 0.596843 0.020836 0.040571
