0 0.260322 0.611871 0.016470 0.025694
0 0.242625 0.132520 0.038925 0.029898
0 0.449078 0.609066 0.010513 0.008168
0 0.292867 0.585884 0.012276 0.020066
0 0.561025 0.667411 0.016387 0.010187
0 0.238941 0.570042 0.010500 0.021853
0 0.502627 0.569789 0.010521 0.011252
0 0.445950 0.558933 0.016092 0.016036
0 0.494803 0.792536 0.039024 0.011014
0 0.453736 0.716249 0.030370 0.015582
0 0.483375 0.543972 0.007987 0.009009
0 0.500000 0.543985 0.005908 0.008624
0 0.535238 0.697904 0.027831 0.015328
0 0.370432 0.665727 0.027010 0.023749
0 0.516450 0.556122 0.011998 0.012050
