0 0.260280 0.611880 0.015496 0.023603
0 0.242375 0.132153 0.032861 0.025893
0 0.448945 0.609317 0.011731 0.009143
0 0.292673 0.585993 0.014314 0.023927
0 0.561047 0.667445 0.015320 0.010738
0 0.238666 0.570106 0.009950 0.021726
0 0.502628 0.570668 0.009865 0.009515
0 0.445336 0.557572 0.016526 0.016470
0 0.489591 0.791465 0.041683 0.014632
0 0.453534 0.717366 0.030278 0.014488
0 0.485504 0.544102 0.006927 0.008612
0 0.501324 0.546263 0.006628 0.008778
0 0.543794 0.696201 0.027825 0.015240
0 0.377424 0.668488 0.031757 0.027461
0 0.511471 0.560250 0.009671 0.011070
0 0.479166 0.734514 0.031589 0.012424
