0 0.260291 0.611858 0.014453 0.023117
0 0.242471 0.132292 0.038618 0.029443
0 0.449029 0.609057 0.013388 0.011140
0 0.292563 0.586010 0.012068 0.018500
0 0.561025 0.667411 0.016387 0.010187
0 0.239081 0.570062 0.013439 0.028982
0 0.502810 0.575877 0.009139 0.009497
0 0.469207 0.789971 0.043993 0.013099
0 0.454642 0.722179 0.022718 0.011108
0 0.464293 0.514418 0.013305 0.009704
0 0.577218 0.686115 0.020516 0.013782
0 0.402783 0.675010 0.030442 0.022443
0 0.485224 0.571346 0.010046 0.011228
0 0.416515 0.523288 0.008322 0.009708
0 0.402461 0.734854 0.034728 0.022304
