0 0.260280 0.611880 0.015496 0.023603
0 0.242605 0.132469 0.035059 0.026711
0 0.449055 0.609061 0.011951 0.009654
0 0.292643 0.585975 0.012502 0.021678
0 0.561135 0.667656 0.018070 0.011267
0 0.238941 0.570042 0.010500 0.021853
0 0.503107 0.583519 0.014002 0.011363
0 0.434280 0.783300 0.044162 0.018674
0 0.452989 0.730304 0.025398 0.011111
0 0.629389 0.654133 0.023032 0.021282
0 0.446731 0.678216 0.033341 0.021425
0 0.429220 0.560506 0.013935 0.014238
0 0.367276 0.521194 0.009407 0.013918
0 0.448617 0.478442 0.012872 0.010897
0 0.268097 0.668580 0.025096 0.029703
