0 0.260252 0.611868 0.013478 0.021025
0 0.242568 0.132409 0.031852 0.024466
0 0.448945 0.609300 0.012684 0.009587
0 0.292633 0.586000 0.013565 0.022118
0 0.561026 0.667437 0.014926 0.009656
0 0.238711 0.570103 0.010560 0.024006
0 0.503110 0.584765 0.010895 0.008981
0 0.429311 0.781949 0.049339 0.021704
0 0.452767 0.731107 0.027847 0.013229
0 0.635954 0.648333 0.023949 0.022965
0 0.452097 0.677700 0.027220 0.015537
0 0.421430 0.555125 0.013781 0.014539
0 0.360184 0.519906 0.010943 0.018298
0 0.450839 0.473097 0.012580 0.011360
0 0.253673 0.654079 0.027963 0.037142
