0 0.260242 0.611888 0.014522 0.021512
0 0.242605 0.132469 0.035059 0.026711
0 0.448966 0.609322 0.010291 0.007656
0 0.292606 0.585983 0.011754 0.019869
0 0.561025 0.667411 0.016387 0.010187
0 0.238986 0.570041 0.011109 0.024130
0 0.502849 0.576701 0.010693 0.010117
0 0.464148 0.789295 0.039178 0.014925
0 0.454155 0.722791 0.041481 0.020298
0 0.465233 0.515660 0.009242 0.007515
0 0.585169 0.682062 0.032757 0.022199
0 0.408324 0.675733 0.028537 0.020429
0 0.478288 0.572527 0.012254 0.010164
0 0.409479 0.523649 0.011211 0.013224
0 0.382449 0.730120 0.043161 0.029187
