0 0.260280 0.611880 0.015496 0.023603
0 0.242585 0.132454 0.035719 0.027654
0 0.449057 0.609076 0.011000 0.009212
0 0.292572 0.585989 0.011005 0.018059
0 0.561049 0.667419 0.016780 0.011268
0 0.238941 0.570042 0.010500 0.021853
0 0.503150 0.585891 0.011822 0.009010
0 0.424400 0.780780 0.046855 0.021822
0 0.452485 0.732060 0.034278 0.015611
0 0.642253 0.642253 0.026768 0.026768
0 0.458716 0.677296 0.027239 0.016360
0 0.413809 0.548880 0.011539 0.013176
0 0.353052 0.518356 0.012063 0.020448
0 0.453192 0.467745 0.009527 0.009130
0 0.238041 0.636575 0.026533 0.038832
