0 0.260280 0.611880 0.015496 0.023603
0 0.242568 0.132409 0.031852 0.024466
0 0.448945 0.609317 0.011731 0.009143
0 0.292833 0.585889 0.011528 0.018259
0 0.561135 0.667685 0.016607 0.010736
0 0.238897 0.570062 0.011003 0.019873
0 0.503028 0.580988 0.012128 0.011881
0 0.444134 0.786121 0.039035 0.015189
0 0.453332 0.727904 0.031815 0.015652
0 0.615508 0.664680 0.032795 0.027999
0 0.434874 0.678379 0.024563 0.015502
0 0.445703 0.568138 0.015345 0.015180
0 0.381899 0.522361 0.015865 0.020878
0 0.446546 0.489860 0.008645 0.008363
0 0.304043 0.695957 0.039822 0.039822
