0 0.260369 0.611859 0.017444 0.027784
0 0.242568 0.132409 0.031852 0.024466
0 0.448946 0.609332 0.010777 0.008700
0 0.292572 0.585989 0.011005 0.018059
0 0.561049 0.667359 0.019700 0.012329
0 0.238660 0.570128 0.011062 0.022024
0 0.502769 0.574403 0.010392 0.010106
0 0.474300 0.790343 0.038858 0.012491
0 0.452836 0.720898 0.024943 0.013361
0 0.463762 0.512780 0.011082 0.008548
0 0.569091 0.688644 0.037099 0.023327
0 0.395687 0.673194 0.034362 0.026620
0 0.492456 0.569482 0.009886 0.008388
0 0.423920 0.522911 0.013647 0.015558
0 0.422583 0.737054 0.037217 0.023335
