0 0.260291 0.611858 0.014453 0.023117
0 0.242648 0.132536 0.038265 0.028955
0 0.448945 0.609317 0.011731 0.009143
0 0.292542 0.585993 0.010256 0.016249
0 0.561135 0.667711 0.015144 0.010204
0 0.238666 0.570106 0.009950 0.021726
0 0.503229 0.587017 0.012931 0.011336
0 0.419539 0.779739 0.036744 0.018652
0 0.452168 0.733329 0.038661 0.017036
0 0.648757 0.636343 0.023013 0.024001
0 0.463912 0.676076 0.024793 0.013143
0 0.407551 0.542407 0.015817 0.017435
0 0.346096 0.516575 0.012393 0.026590
0 0.456330 0.462656 0.010458 0.010166
0 0.223959 0.617386 0.023290 0.039539
