0 0.260322 0.611871 0.016470 0.025694
0 0.242605 0.132469 0.035059 0.026711
0 0.449078 0.609051 0.011465 0.008611
0 0.292596 0.586006 0.012817 0.020309
0 0.561050 0.667390 0.018241 0.011799
0 0.238698 0.570151 0.012784 0.024602
0 0.502988 0.578694 0.011967 0.014167
0 0.454087 0.788166 0.039117 0.014498
0 0.453799 0.725709 0.029551 0.015194
0 0.600814 0.674419 0.023248 0.017407
0 0.422206 0.678054 0.030602 0.023990
0 0.462126 0.572310 0.014500 0.014610
0 0.395279 0.523478 0.011459 0.015585
0 0.342436 0.716680 0.034795 0.029452
