0 0.260252 0.611868 0.013478 0.021025
0 0.242585 0.132454 0.035719 0.027654
0 0.449054 0.609026 0.013852 0.010539
0 0.292945 0.585869 0.013771 0.023679
0 0.561050 0.667390 0.018241 0.011799
0 0.238704 0.570127 0.011672 0.024304
0 0.502566 0.568596 0.011563 0.010133
0 0.447009 0.559829 0.015327 0.015149
0 0.500000 0.792656 0.036291 0.008049
0 0.453988 0.714588 0.037795 0.017684
0 0.481148 0.543767 0.010300 0.011742
0 0.499217 0.541702 0.004702 0.006403
0 0.526511 0.699318 0.023909 0.012673
0 0.363212 0.662937 0.026190 0.024192
0 0.520598 0.551738 0.009448 0.011407
